3744
26 1073
1506 25
1074 1505
25 26
1073 1074
1505 1506
1066 1
58 1105
2 57
1106 1065
1 2
57 58
1065 1066
1105 1106
1098 33
90 1137
34 89
1138 1097
33 34
89 90
1097 1098
1137 1138
1130 65
66 1241
1242 1129
65 66
1129 1130
1241 1242
122 17
18 1513
1602 121
1514 1601
17 18
121 122
1513 1514
1601 1602
9 97
1881 49
49 9
97 1953
1953 1881
41 1857
185 81
81 41
1913 185
1857 1913
74 161
1234 73
162 1337
1338 1233
73 74
161 162
1233 1234
1337 1338
218 113
114 1609
1698 217
1610 1697
113 114
217 218
1609 1610
1697 1698
105 193
249 1921
1977 105
193 249
1921 1977
1945 225
281 177
177 1889
225 281
1889 1945
170 257
1330 169
258 1433
1434 1329
169 170
257 258
1329 1330
1433 1434
314 209
210 1705
1706 313
209 210
313 314
1705 1706
202 289
346 241
242 201
290 345
201 202
241 242
289 290
345 346
234 321
378 273
274 233
322 377
233 234
273 274
321 322
377 378
266 353
1426 265
354 1425
265 266
353 354
1425 1426
410 305
306 1713
1674 409
1714 1673
305 306
409 410
1673 1674
1713 1714
297 385
1753 337
337 297
385 1825
1825 1753
329 1729
473 369
369 329
1785 473
1729 1785
362 449
1418 361
450 1393
1394 1417
361 362
449 450
1393 1394
1417 1418
506 401
402 1681
1642 505
1682 1641
401 402
505 506
1641 1642
1681 1682
393 481
537 1793
1849 393
481 537
1793 1849
1817 513
569 465
465 1761
513 569
1761 1817
458 545
1386 457
546 1361
1362 1385
457 458
545 546
1361 1362
1385 1386
602 497
498 1649
1650 601
497 498
601 602
1649 1650
490 577
634 529
530 489
578 633
489 490
529 530
577 578
633 634
522 609
666 561
562 521
610 665
521 522
561 562
609 610
665 666
554 641
1354 553
642 1353
553 554
641 642
1353 1354
698 593
594 1657
1554 697
1658 1553
593 594
697 698
1553 1554
1657 1658
585 673
2137 625
625 585
673 2209
2209 2137
617 2113
761 657
657 617
2169 761
2113 2169
650 737
1346 649
738 1257
1258 1345
649 650
737 738
1257 1258
1345 1346
794 689
690 1561
1458 793
1562 1457
689 690
793 794
1457 1458
1561 1562
681 769
825 2177
2233 681
769 825
2177 2233
2201 801
857 753
753 2145
801 857
2145 2201
746 833
1250 745
834 1161
1162 1249
745 746
833 834
1161 1162
1249 1250
890 785
786 1465
1466 889
785 786
889 890
1465 1466
778 865
922 817
818 777
866 921
777 778
817 818
865 866
921 922
810 897
954 849
850 809
898 953
809 810
849 850
897 898
953 954
842 929
1154 841
930 1153
841 842
929 930
1153 1154
986 881
882 1441
1498 985
1442 1497
881 882
985 986
1441 1442
1497 1498
873 961
2393 913
913 873
961 2465
2465 2393
905 2369
1049 945
945 905
2425 1049
2369 2425
938 1025
1178 937
1026 1185
1186 1177
937 938
1025 1026
1177 1178
1185 1186
1082 977
978 1473
1530 1081
1474 1529
977 978
1081 1082
1473 1474
1529 1530
969 1057
1113 2433
2489 969
1057 1113
2433 2489
2457 1089
1145 1041
1041 2401
1089 1145
2401 2457
1034 1121
1210 1033
1122 1217
1218 1209
1033 1034
1121 1122
1209 1210
1217 1218
1273 1169
1193 2241
1169 1193
2297 1273
2241 2297
2265 1201
1225 1313
1201 1225
1313 2337
2337 2265
1369 1265
2329 1377
1265 2273
1377 1369
2273 2329
1401 2305
1321 1409
2361 1321
1409 1401
2305 2361
1449 1537
2009 1489
1489 1449
1537 2081
2081 2009
1481 1985
1625 1521
1521 1481
2041 1625
1985 2041
1545 1633
1689 2049
2105 1545
1633 1689
2049 2105
2073 1665
1721 1617
1617 2017
1665 1721
2017 2073
1746 1833
442 1745
1834 441
441 442
1745 1746
1833 1834
1778 1737
1738 417
418 1777
417 418
1737 1738
1777 1778
1810 1769
1770 425
426 1809
425 426
1769 1770
1809 1810
1842 1801
1802 433
434 1841
433 434
1801 1802
1841 1842
1874 1961
154 1873
1962 153
153 154
1873 1874
1961 1962
1906 1865
1866 129
130 1905
129 130
1865 1866
1905 1906
1938 1897
1898 137
138 1937
137 138
1897 1898
1937 1938
1970 1929
1930 145
146 1969
145 146
1929 1930
1969 1970
2002 2089
1594 2001
2090 1593
1593 1594
2001 2002
2089 2090
2034 1993
1994 1569
1570 2033
1569 1570
1993 1994
2033 2034
2066 2025
2026 1577
1578 2065
1577 1578
2025 2026
2065 2066
2098 2057
2058 1585
1586 2097
1585 1586
2057 2058
2097 2098
2130 2217
730 2129
2218 729
729 730
2129 2130
2217 2218
2162 2121
2122 705
706 2161
705 706
2121 2122
2161 2162
2194 2153
2154 713
714 2193
713 714
2153 2154
2193 2194
2226 2185
2186 721
722 2225
721 722
2185 2186
2225 2226
2290 2249
2250 1281
1282 2289
1281 1282
2249 2250
2289 2290
2258 2345
1306 2257
2346 1305
1305 1306
2257 2258
2345 2346
2322 2281
2282 1289
1290 2321
1289 1290
2281 2282
2321 2322
2354 2313
2314 1297
1298 2353
1297 1298
2313 2314
2353 2354
2386 2473
1018 2385
2474 1017
1017 1018
2385 2386
2473 2474
2418 2377
2378 993
994 2417
993 994
2377 2378
2417 2418
2450 2409
2410 1001
1002 2449
1001 1002
2409 2410
2449 2450
2482 2441
2442 1009
1010 2481
1009 1010
2441 2442
2481 2482
1079 27
8 1067
27 7
1068 1079
7 8
1067 1068
1112 59
40 1099
60 39
1100 1111
39 40
59 60
1099 1100
1111 1112
1144 91
71 1131
92 71
1131 1143
91 92
1143 1144
24 123
104 11
11 23
123 103
23 24
103 104
56 1883
1864 43
44 55
1884 1863
43 44
55 56
1863 1864
1883 1884
87 187
167 75
76 87
188 167
75 76
187 188
119 219
199 107
108 119
220 199
107 108
219 220
1928 251
232 1947
252 231
1948 1927
231 232
251 252
1927 1928
1947 1948
184 283
264 171
171 183
283 263
183 184
263 264
215 315
296 203
204 215
315 295
203 204
295 296
248 347
328 235
236 247
348 327
235 236
247 248
327 328
347 348
280 379
359 267
267 279
380 359
279 280
379 380
312 411
392 299
299 311
411 391
311 312
391 392
344 1755
1736 331
332 343
1756 1735
331 332
343 344
1735 1736
1755 1756
375 475
455 363
364 375
476 455
363 364
475 476
407 507
487 395
396 407
508 487
395 396
507 508
1800 539
520 1819
540 519
1820 1799
519 520
539 540
1799 1800
1819 1820
472 571
552 459
459 471
571 551
471 472
551 552
503 603
584 491
492 503
603 583
491 492
583 584
536 635
616 523
524 535
636 615
523 524
535 536
615 616
635 636
568 667
647 555
555 567
668 647
567 568
667 668
600 699
680 587
587 599
699 679
599 600
679 680
632 2139
2120 619
620 631
2140 2119
619 620
631 632
2119 2120
2139 2140
663 763
743 651
652 663
764 743
651 652
763 764
695 795
775 683
684 695
796 775
683 684
795 796
2184 827
808 2203
828 807
2204 2183
807 808
827 828
2183 2184
2203 2204
760 859
840 747
747 759
859 839
759 760
839 840
791 891
872 779
780 791
891 871
779 780
871 872
824 923
904 811
812 823
924 903
811 812
823 824
903 904
923 924
856 955
935 843
843 855
956 935
855 856
955 956
888 987
968 875
875 887
987 967
887 888
967 968
920 2395
2376 907
908 919
2396 2375
907 908
919 920
2375 2376
2395 2396
951 1051
1031 939
940 951
1052 1031
939 940
1051 1052
983 1083
1063 971
972 983
1084 1063
971 972
1083 1084
2440 1115
1096 2459
1116 1095
2460 2439
1095 1096
1115 1116
2439 2440
2459 2460
1048 1147
1128 1035
1035 1047
1147 1127
1047 1048
1127 1128
31 1507
1520 19
20 31
1507 1519
19 20
1519 1520
63 3
15 51
4 15
52 63
3 4
51 52
96 35
48 83
35 47
83 95
47 48
95 96
1247 67
80 1235
67 79
1236 1247
79 80
1235 1236
128 1603
1616 115
116 127
1604 1615
115 116
127 128
1603 1604
1615 1616
1960 99
112 1979
100 111
1980 1959
99 100
111 112
1959 1960
1979 1980
192 1915
1896 179
180 191
1916 1895
179 180
191 192
1895 1896
1915 1916
1344 163
176 1331
164 175
1332 1343
163 164
175 176
1331 1332
1343 1344
224 1699
1711 211
211 223
1700 1711
223 224
1699 1700
256 195
208 243
195 207
243 255
207 208
255 256
287 227
239 275
228 239
276 287
227 228
275 276
1440 259
271 1427
260 271
1427 1439
259 260
1439 1440
319 1707
1720 307
308 319
1707 1719
307 308
1719 1720
351 291
303 339
292 303
340 351
291 292
339 340
384 323
336 371
323 335
371 383
335 336
383 384
1431 355
368 1419
355 367
1420 1431
367 368
1419 1420
416 1675
1688 403
404 415
1676 1687
403 404
415 416
1675 1676
1687 1688
1832 387
400 1851
388 399
1852 1831
387 388
399 400
1831 1832
1851 1852
480 1787
1768 467
468 479
1788 1767
467 468
479 480
1767 1768
1787 1788
1400 451
464 1387
452 463
1388 1399
451 452
463 464
1387 1388
1399 1400
512 1643
1655 499
499 511
1644 1655
511 512
1643 1644
544 483
496 531
483 495
531 543
495 496
543 544
575 515
527 563
516 527
564 575
515 516
563 564
1368 547
559 1355
548 559
1355 1367
547 548
1367 1368
607 1651
1664 595
596 607
1651 1663
595 596
1663 1664
639 579
591 627
580 591
628 639
579 580
627 628
672 611
624 659
611 623
659 671
623 624
671 672
1359 643
656 1347
643 655
1348 1359
655 656
1347 1348
704 1555
1568 691
692 703
1556 1567
691 692
703 704
1555 1556
1567 1568
2216 675
688 2235
676 687
2236 2215
675 676
687 688
2215 2216
2235 2236
768 2171
2152 755
756 767
2172 2151
755 756
767 768
2151 2152
2171 2172
1264 739
752 1251
740 751
1252 1263
739 740
751 752
1251 1252
1263 1264
800 1459
1471 787
787 799
1460 1471
799 800
1459 1460
832 771
784 819
771 783
819 831
783 784
831 832
863 803
815 851
804 815
852 863
803 804
851 852
1168 835
847 1155
836 847
1155 1167
835 836
1167 1168
895 1467
1448 883
884 895
1467 1447
883 884
1447 1448
927 867
879 915
868 879
916 927
867 868
915 916
960 899
912 947
899 911
947 959
911 912
959 960
1159 931
944 1179
931 943
1180 1159
943 944
1179 1180
992 1499
1480 979
980 991
1500 1479
979 980
991 992
1479 1480
1499 1500
2472 963
976 2491
964 975
2492 2471
963 964
975 976
2471 2472
2491 2492
1056 2427
2408 1043
1044 1055
2428 2407
1043 1044
1055 1056
2407 2408
2427 2428
1192 1027
1040 1211
1028 1039
1212 1191
1027 1028
1039 1040
1191 1192
1211 1212
1088 1531
1511 1075
1075 1087
1532 1511
1087 1088
1531 1532
1120 1059
1072 1107
1059 1071
1107 1119
1071 1072
1119 1120
1151 1091
1103 1139
1092 1103
1140 1151
1091 1092
1139 1140
1224 1123
1135 1243
1124 1135
1243 1223
1123 1124
1223 1224
1255 1163
1175 1275
1164 1175
1276 1255
1163 1164
1275 1276
2248 1195
1208 2267
1196 1207
2268 2247
1195 1196
1207 1208
2247 2248
2267 2268
1320 1227
1240 1339
1227 1239
1339 1319
1239 1240
1319 1320
1352 1259
1272 1371
1259 1271
1371 1351
1271 1272
1351 1352
1384 2331
2312 1403
1404 1383
2332 2311
1383 1384
1403 1404
2311 2312
2331 2332
1415 1323
1335 1435
1324 1335
1436 1415
1323 1324
1435 1436
1184 1187
1200 1171
1171 1183
1187 1199
1183 1184
1199 1200
1215 1219
1231 1203
1204 1215
1220 1231
1203 1204
1219 1220
1280 2299
2280 1267
1268 1279
2300 2279
1267 1268
1279 1280
2279 2280
2299 2300
2344 1315
1328 2363
1316 1327
2364 2343
1315 1316
1327 1328
2343 2344
2363 2364
1375 1379
1391 1363
1364 1375
1380 1391
1363 1364
1379 1380
1408 1411
1424 1395
1395 1407
1411 1423
1407 1408
1423 1424
1464 1563
1544 1451
1451 1463
1563 1543
1463 1464
1543 1544
1496 2011
1992 1483
1484 1495
2012 1991
1483 1484
1495 1496
1991 1992
2011 2012
1527 1627
1607 1515
1516 1527
1628 1607
1515 1516
1627 1628
1559 1659
1639 1547
1548 1559
1660 1639
1547 1548
1659 1660
2056 1691
1672 2075
1692 1671
2076 2055
1671 1672
1691 1692
2055 2056
2075 2076
1624 1723
1704 1611
1611 1623
1723 1703
1623 1624
1703 1704
1503 1443
1455 1491
1444 1455
1492 1503
1443 1444
1491 1492
1536 1475
1488 1523
1475 1487
1523 1535
1487 1488
1535 1536
2088 1539
1552 2107
1540 1551
2108 2087
1539 1540
1551 1552
2087 2088
2107 2108
1632 2043
2024 1619
1620 1631
2044 2023
1619 1620
1631 1632
2023 2024
2043 2044
1696 1635
1648 1683
1635 1647
1683 1695
1647 1648
1695 1696
1727 1667
1679 1715
1668 1679
1716 1727
1667 1668
1715 1716
1760 1827
1839 1747
1747 1759
1828 1839
1759 1760
1827 1828
1792 1731
1743 1779
1732 1743
1779 1791
1731 1732
1791 1792
1751 443
423 1739
443 423
1739 1751
1824 1763
1775 1811
1764 1775
1811 1823
1763 1764
1823 1824
1783 419
431 1771
419 431
1771 1783
1856 1795
1807 1843
1796 1807
1843 1855
1795 1796
1855 1856
439 1803
1815 427
427 439
1803 1815
447 1835
1847 435
435 447
1835 1847
1888 1955
1967 1875
1875 1887
1956 1967
1887 1888
1955 1956
1920 1859
1871 1907
1860 1871
1907 1919
1859 1860
1919 1920
1879 155
135 1867
155 135
1867 1879
1952 1891
1903 1939
1892 1903
1939 1951
1891 1892
1951 1952
1911 131
143 1899
131 143
1899 1911
1984 1923
1935 1971
1924 1935
1971 1983
1923 1924
1983 1984
151 1931
1943 139
139 151
1931 1943
159 1963
1975 147
147 159
1963 1975
2016 2083
2095 2003
2003 2015
2084 2095
2015 2016
2083 2084
2048 1987
1999 2035
1988 1999
2035 2047
1987 1988
2047 2048
2007 1595
1575 1995
1595 1575
1995 2007
2080 2019
2031 2067
2020 2031
2067 2079
2019 2020
2079 2080
2039 1571
1583 2027
1571 1583
2027 2039
2112 2051
2063 2099
2052 2063
2099 2111
2051 2052
2111 2112
1591 2059
2071 1579
1579 1591
2059 2071
1599 2091
2103 1587
1587 1599
2091 2103
2144 2211
2223 2131
2131 2143
2212 2223
2143 2144
2211 2212
2176 2115
2127 2163
2116 2127
2163 2175
2115 2116
2175 2176
2135 731
711 2123
731 711
2123 2135
2208 2147
2159 2195
2148 2159
2195 2207
2147 2148
2207 2208
2167 707
719 2155
707 719
2155 2167
2240 2179
2191 2227
2180 2191
2227 2239
2179 2180
2239 2240
727 2187
2199 715
715 727
2187 2199
735 2219
2231 723
723 735
2219 2231
2304 2243
2255 2291
2244 2255
2291 2303
2243 2244
2303 2304
2272 2339
2351 2259
2259 2271
2340 2351
2271 2272
2339 2340
1287 2251
2263 1307
1307 1287
2251 2263
2336 2275
2287 2323
2276 2287
2323 2335
2275 2276
2335 2336
2295 1283
1295 2283
1283 1295
2283 2295
2368 2307
2319 2355
2308 2319
2355 2367
2307 2308
2367 2368
2327 1291
1303 2315
1291 1303
2315 2327
1311 2347
2359 1299
1299 1311
2347 2359
2400 2467
2479 2387
2387 2399
2468 2479
2399 2400
2467 2468
2432 2371
2383 2419
2372 2383
2419 2431
2371 2372
2431 2432
2391 1019
999 2379
1019 999
2379 2391
2464 2403
2415 2451
2404 2415
2451 2463
2403 2404
2463 2464
2423 995
1007 2411
995 1007
2411 2423
2496 2435
2447 2483
2436 2447
2483 2495
2435 2436
2495 2496
1015 2443
2455 1003
1003 1015
2443 2455
1023 2475
2487 1011
1011 1023
2475 2487
5 29
13 5
21 13
30 21
29 30
38 61
45 37
53 45
62 53
37 38
61 62
70 93
77 69
85 77
93 85
69 70
101 125
109 101
118 109
126 117
117 118
125 126
134 157
142 133
150 141
158 149
133 134
141 142
149 150
157 158
166 189
174 165
181 173
189 181
165 166
173 174
197 221
205 197
214 205
221 213
213 214
229 253
238 229
246 237
253 245
237 238
245 246
261 285
270 261
277 269
285 277
269 270
293 317
301 293
309 301
318 309
317 318
326 349
333 325
341 333
350 341
325 326
349 350
358 381
365 357
373 365
381 373
357 358
389 413
397 389
406 397
414 405
405 406
413 414
422 445
430 421
438 429
446 437
421 422
429 430
437 438
445 446
454 477
462 453
469 461
477 469
453 454
461 462
485 509
493 485
502 493
509 501
501 502
517 541
526 517
534 525
541 533
525 526
533 534
549 573
558 549
565 557
573 565
557 558
581 605
589 581
597 589
606 597
605 606
614 637
621 613
629 621
638 629
613 614
637 638
646 669
653 645
661 653
669 661
645 646
677 701
685 677
694 685
702 693
693 694
701 702
710 733
718 709
726 717
734 725
709 710
717 718
725 726
733 734
742 765
750 741
757 749
765 757
741 742
749 750
773 797
781 773
790 781
797 789
789 790
805 829
814 805
822 813
829 821
813 814
821 822
837 861
846 837
853 845
861 853
845 846
869 893
877 869
885 877
894 885
893 894
902 925
909 901
917 909
926 917
901 902
925 926
934 957
941 933
949 941
957 949
933 934
965 989
973 965
982 973
990 981
981 982
989 990
998 1021
1006 997
1014 1005
1022 1013
997 998
1005 1006
1013 1014
1021 1022
1030 1053
1038 1029
1045 1037
1053 1045
1029 1030
1037 1038
1061 1085
1069 1061
1078 1069
1085 1077
1077 1078
1093 1117
1102 1093
1110 1101
1117 1109
1101 1102
1109 1110
1125 1149
1134 1125
1141 1133
1149 1141
1133 1134
1158 1181
1165 1157
1173 1165
1181 1173
1157 1158
1190 1213
1197 1189
1205 1197
1214 1205
1189 1190
1213 1214
1221 1245
1229 1221
1237 1229
1246 1237
1245 1246
1254 1277
1262 1253
1269 1261
1277 1269
1253 1254
1261 1262
1286 1309
1294 1285
1302 1293
1310 1301
1285 1286
1293 1294
1301 1302
1309 1310
1317 1341
1325 1317
1334 1325
1342 1333
1333 1334
1341 1342
1349 1373
1358 1349
1365 1357
1373 1365
1357 1358
1381 1405
1390 1381
1398 1389
1405 1397
1389 1390
1397 1398
1413 1437
1421 1413
1430 1421
1437 1429
1429 1430
1445 1469
1453 1445
1461 1453
1470 1461
1469 1470
1478 1501
1485 1477
1493 1485
1502 1493
1477 1478
1501 1502
1510 1533
1517 1509
1525 1517
1533 1525
1509 1510
1541 1565
1549 1541
1558 1549
1566 1557
1557 1558
1565 1566
1574 1597
1582 1573
1590 1581
1598 1589
1573 1574
1581 1582
1589 1590
1597 1598
1606 1629
1614 1605
1621 1613
1629 1621
1605 1606
1613 1614
1637 1661
1645 1637
1654 1645
1661 1653
1653 1654
1669 1693
1678 1669
1686 1677
1693 1685
1677 1678
1685 1686
1701 1725
1710 1701
1717 1709
1725 1717
1709 1710
1733 1757
1742 1733
1750 1741
1757 1749
1741 1742
1749 1750
1765 1789
1774 1765
1782 1773
1789 1781
1773 1774
1781 1782
1797 1821
1806 1797
1814 1805
1821 1813
1805 1806
1813 1814
1829 1853
1838 1829
1846 1837
1853 1845
1837 1838
1845 1846
1861 1885
1870 1861
1878 1869
1885 1877
1869 1870
1877 1878
1893 1917
1902 1893
1910 1901
1917 1909
1901 1902
1909 1910
1925 1949
1934 1925
1942 1933
1949 1941
1933 1934
1941 1942
1957 1981
1966 1957
1974 1965
1981 1973
1965 1966
1973 1974
1989 2013
1998 1989
2006 1997
2013 2005
1997 1998
2005 2006
2021 2045
2030 2021
2038 2029
2045 2037
2029 2030
2037 2038
2053 2077
2062 2053
2070 2061
2077 2069
2061 2062
2069 2070
2085 2109
2094 2085
2102 2093
2109 2101
2093 2094
2101 2102
2117 2141
2126 2117
2134 2125
2141 2133
2125 2126
2133 2134
2149 2173
2158 2149
2166 2157
2173 2165
2157 2158
2165 2166
2181 2205
2190 2181
2198 2189
2205 2197
2189 2190
2197 2198
2213 2237
2222 2213
2230 2221
2237 2229
2221 2222
2229 2230
2245 2269
2254 2245
2262 2253
2269 2261
2253 2254
2261 2262
2277 2301
2286 2277
2294 2285
2301 2293
2285 2286
2293 2294
2309 2333
2318 2309
2326 2317
2333 2325
2317 2318
2325 2326
2341 2365
2350 2341
2358 2349
2365 2357
2349 2350
2357 2358
2373 2397
2382 2373
2390 2381
2397 2389
2381 2382
2389 2390
2405 2429
2414 2405
2422 2413
2429 2421
2413 2414
2421 2422
2437 2461
2446 2437
2454 2445
2461 2453
2445 2446
2453 2454
2469 2493
2478 2469
2486 2477
2493 2485
2477 2478
2485 2486
28 27
1079 1080
26 28
1080 1073
8 1
1066 1067
58 59
1112 1105
40 33
1098 1099
90 91
1144 1137
71 72
1132 1131
72 65
1130 1132
124 123
24 17
122 124
9 10
98 97
12 11
10 12
104 98
50 49
1881 1882
56 50
1882 1883
41 42
1858 1857
42 43
1864 1858
82 81
185 186
87 88
88 82
186 187
167 168
74 75
168 161
119 120
120 113
218 219
105 106
194 193
199 200
106 107
200 194
249 250
1922 1921
250 251
1928 1922
226 225
1945 1946
232 226
1946 1947
178 177
281 282
284 283
184 178
282 284
172 171
170 172
264 257
215 216
316 315
216 209
314 316
202 203
296 289
248 241
346 347
234 235
328 321
280 273
378 379
268 267
359 360
266 268
360 353
412 411
312 305
410 412
297 298
386 385
300 299
298 300
392 386
338 337
1753 1754
344 338
1754 1755
329 330
1730 1729
330 331
1736 1730
370 369
473 474
375 376
376 370
474 475
455 456
362 363
456 449
407 408
408 401
506 507
393 394
482 481
487 488
394 395
488 482
537 538
1794 1793
538 539
1800 1794
514 513
1817 1818
520 514
1818 1819
466 465
569 570
572 571
472 466
570 572
460 459
458 460
552 545
503 504
604 603
504 497
602 604
490 491
584 577
536 529
634 635
522 523
616 609
568 561
666 667
556 555
647 648
554 556
648 641
700 699
600 593
698 700
585 586
674 673
588 587
586 588
680 674
626 625
2137 2138
632 626
2138 2139
617 618
2114 2113
618 619
2120 2114
658 657
761 762
663 664
664 658
762 763
743 744
650 651
744 737
695 696
696 689
794 795
681 682
770 769
775 776
682 683
776 770
825 826
2178 2177
826 827
2184 2178
802 801
2201 2202
808 802
2202 2203
754 753
857 858
860 859
760 754
858 860
748 747
746 748
840 833
791 792
892 891
792 785
890 892
778 779
872 865
824 817
922 923
810 811
904 897
856 849
954 955
844 843
935 936
842 844
936 929
988 987
888 881
986 988
873 874
962 961
876 875
874 876
968 962
914 913
2393 2394
920 914
2394 2395
905 906
2370 2369
906 907
2376 2370
946 945
1049 1050
951 952
952 946
1050 1051
1031 1032
938 939
1032 1025
983 984
984 977
1082 1083
969 970
1058 1057
1063 1064
970 971
1064 1058
1113 1114
2434 2433
1114 1115
2440 2434
1090 1089
2457 2458
1096 1090
2458 2459
1042 1041
1145 1146
1148 1147
1048 1042
1146 1148
1036 1035
1034 1036
1128 1121
31 32
1508 1507
32 25
1506 1508
18 19
1520 1513
63 64
2 3
64 57
15 16
16 10
50 51
36 35
34 36
96 89
84 83
48 42
82 84
68 67
1247 1248
66 68
1248 1241
80 73
1234 1235
128 121
1602 1603
114 115
1616 1609
1954 1953
98 99
1960 1954
1977 1978
112 106
1978 1979
1913 1914
192 186
1914 1915
1890 1889
178 179
1896 1890
162 163
1344 1337
176 169
1330 1331
224 217
1698 1699
212 211
1711 1712
210 212
1712 1705
196 195
194 196
256 250
244 243
208 201
242 244
287 288
226 227
288 282
239 240
240 233
274 275
258 259
1440 1433
271 272
1428 1427
272 265
1426 1428
319 320
1708 1707
320 313
1706 1708
306 307
1720 1713
351 352
290 291
352 345
303 304
304 298
338 339
324 323
322 324
384 377
372 371
336 330
370 372
356 355
1431 1432
354 356
1432 1425
368 361
1418 1419
416 409
1674 1675
402 403
1688 1681
1826 1825
386 387
1832 1826
1849 1850
400 394
1850 1851
1785 1786
480 474
1786 1787
1762 1761
466 467
1768 1762
450 451
1400 1393
464 457
1386 1387
512 505
1642 1643
500 499
1655 1656
498 500
1656 1649
484 483
482 484
544 538
532 531
496 489
530 532
575 576
514 515
576 570
527 528
528 521
562 563
546 547
1368 1361
559 560
1356 1355
560 553
1354 1356
607 608
1652 1651
608 601
1650 1652
594 595
1664 1657
639 640
578 579
640 633
591 592
592 586
626 627
612 611
610 612
672 665
660 659
624 618
658 660
644 643
1359 1360
642 644
1360 1353
656 649
1346 1347
704 697
1554 1555
690 691
1568 1561
2210 2209
674 675
2216 2210
2233 2234
688 682
2234 2235
2169 2170
768 762
2170 2171
2146 2145
754 755
2152 2146
738 739
1264 1257
752 745
1250 1251
800 793
1458 1459
788 787
1471 1472
786 788
1472 1465
772 771
770 772
832 826
820 819
784 777
818 820
863 864
802 803
864 858
815 816
816 809
850 851
834 835
1168 1161
847 848
1156 1155
848 841
1154 1156
895 896
1468 1467
896 889
1466 1468
882 883
1448 1441
927 928
866 867
928 921
879 880
880 874
914 915
900 899
898 900
960 953
948 947
912 906
946 948
932 931
1159 1160
930 932
1160 1153
944 937
1178 1179
992 985
1498 1499
978 979
1480 1473
2466 2465
962 963
2472 2466
2489 2490
976 970
2490 2491
2425 2426
1056 1050
2426 2427
2402 2401
1042 1043
2408 2402
1026 1027
1192 1185
1040 1033
1210 1211
1088 1081
1530 1531
1076 1075
1511 1512
1074 1076
1512 1505
1060 1059
1058 1060
1120 1114
1108 1107
1072 1065
1106 1108
1151 1152
1090 1091
1152 1146
1103 1104
1104 1097
1138 1139
1122 1123
1224 1217
1135 1136
1244 1243
1136 1129
1242 1244
1255 1256
1162 1163
1256 1249
1170 1169
1273 1274
1175 1176
1176 1170
1274 1275
1193 1194
2242 2241
1194 1195
2248 2242
1202 1201
2265 2266
1208 1202
2266 2267
1225 1226
1314 1313
1228 1227
1226 1228
1320 1314
1340 1339
1240 1233
1338 1340
1260 1259
1258 1260
1352 1345
1266 1265
1369 1370
1372 1371
1272 1266
1370 1372
1378 1377
2329 2330
1384 1378
2330 2331
1401 1402
2306 2305
1402 1403
2312 2306
1321 1322
1410 1409
1415 1416
1322 1323
1416 1410
1335 1336
1336 1329
1434 1435
1188 1187
1184 1177
1186 1188
1172 1171
1170 1172
1200 1194
1215 1216
1216 1209
1218 1219
1231 1232
1202 1203
1232 1226
2297 2298
1280 1274
2298 2299
2274 2273
1266 1267
2280 2274
2338 2337
1314 1315
2344 2338
2361 2362
1328 1322
2362 2363
1375 1376
1376 1370
1378 1379
1391 1392
1362 1363
1392 1385
1412 1411
1408 1402
1410 1412
1396 1395
1394 1396
1424 1417
1564 1563
1464 1457
1562 1564
1449 1450
1538 1537
1452 1451
1450 1452
1544 1538
1490 1489
2009 2010
1496 1490
2010 2011
1481 1482
1986 1985
1482 1483
1992 1986
1522 1521
1625 1626
1527 1528
1528 1522
1626 1627
1607 1608
1514 1515
1608 1601
1559 1560
1560 1553
1658 1659
1545 1546
1634 1633
1639 1640
1546 1547
1640 1634
1689 1690
2050 2049
1690 1691
2056 2050
1666 1665
2073 2074
1672 1666
2074 2075
1618 1617
1721 1722
1724 1723
1624 1618
1722 1724
1612 1611
1610 1612
1704 1697
1503 1504
1442 1443
1504 1497
1455 1456
1456 1450
1490 1491
1476 1475
1474 1476
1536 1529
1524 1523
1488 1482
1522 1524
2082 2081
1538 1539
2088 2082
2105 2106
1552 1546
2106 2107
2041 2042
1632 1626
2042 2043
2018 2017
1618 1619
2024 2018
1636 1635
1634 1636
1696 1690
1684 1683
1648 1641
1682 1684
1727 1728
1666 1667
1728 1722
1679 1680
1680 1673
1714 1715
1760 1754
1826 1827
1748 1747
1839 1840
1746 1748
1840 1833
1730 1731
1792 1786
1743 1744
1780 1779
1744 1737
1778 1780
444 443
1751 1752
442 444
1752 1745
423 424
1740 1739
424 417
1738 1740
1762 1763
1824 1818
1775 1776
1812 1811
1776 1769
1810 1812
420 419
1783 1784
418 420
1784 1777
431 432
1772 1771
432 425
1770 1772
1794 1795
1856 1850
1807 1808
1844 1843
1808 1801
1842 1844
439 440
1804 1803
440 433
1802 1804
428 427
1815 1816
426 428
1816 1809
447 448
1836 1835
448 441
1834 1836
436 435
1847 1848
434 436
1848 1841
1888 1882
1954 1955
1876 1875
1967 1968
1874 1876
1968 1961
1858 1859
1920 1914
1871 1872
1908 1907
1872 1865
1906 1908
156 155
1879 1880
154 156
1880 1873
135 136
1868 1867
136 129
1866 1868
1890 1891
1952 1946
1903 1904
1940 1939
1904 1897
1938 1940
132 131
1911 1912
130 132
1912 1905
143 144
1900 1899
144 137
1898 1900
1922 1923
1984 1978
1935 1936
1972 1971
1936 1929
1970 1972
151 152
1932 1931
152 145
1930 1932
140 139
1943 1944
138 140
1944 1937
159 160
1964 1963
160 153
1962 1964
148 147
1975 1976
146 148
1976 1969
2016 2010
2082 2083
2004 2003
2095 2096
2002 2004
2096 2089
1986 1987
2048 2042
1999 2000
2036 2035
2000 1993
2034 2036
1596 1595
2007 2008
1594 1596
2008 2001
1575 1576
1996 1995
1576 1569
1994 1996
2018 2019
2080 2074
2031 2032
2068 2067
2032 2025
2066 2068
1572 1571
2039 2040
1570 1572
2040 2033
1583 1584
2028 2027
1584 1577
2026 2028
2050 2051
2112 2106
2063 2064
2100 2099
2064 2057
2098 2100
1591 1592
2060 2059
1592 1585
2058 2060
1580 1579
2071 2072
1578 1580
2072 2065
1599 1600
2092 2091
1600 1593
2090 2092
1588 1587
2103 2104
1586 1588
2104 2097
2144 2138
2210 2211
2132 2131
2223 2224
2130 2132
2224 2217
2114 2115
2176 2170
2127 2128
2164 2163
2128 2121
2162 2164
732 731
2135 2136
730 732
2136 2129
711 712
2124 2123
712 705
2122 2124
2146 2147
2208 2202
2159 2160
2196 2195
2160 2153
2194 2196
708 707
2167 2168
706 708
2168 2161
719 720
2156 2155
720 713
2154 2156
2178 2179
2240 2234
2191 2192
2228 2227
2192 2185
2226 2228
727 728
2188 2187
728 721
2186 2188
716 715
2199 2200
714 716
2200 2193
735 736
2220 2219
736 729
2218 2220
724 723
2231 2232
722 724
2232 2225
2242 2243
2304 2298
2255 2256
2292 2291
2256 2249
2290 2292
2272 2266
2338 2339
2260 2259
2351 2352
2258 2260
2352 2345
1287 1288
2252 2251
1288 1281
2250 2252
1308 1307
2263 2264
1306 1308
2264 2257
2274 2275
2336 2330
2287 2288
2324 2323
2288 2281
2322 2324
1284 1283
2295 2296
1282 1284
2296 2289
1295 1296
2284 2283
1296 1289
2282 2284
2306 2307
2368 2362
2319 2320
2356 2355
2320 2313
2354 2356
1292 1291
2327 2328
1290 1292
2328 2321
1303 1304
2316 2315
1304 1297
2314 2316
1311 1312
2348 2347
1312 1305
2346 2348
1300 1299
2359 2360
1298 1300
2360 2353
2400 2394
2466 2467
2388 2387
2479 2480
2386 2388
2480 2473
2370 2371
2432 2426
2383 2384
2420 2419
2384 2377
2418 2420
1020 1019
2391 2392
1018 1020
2392 2385
999 1000
2380 2379
1000 993
2378 2380
2402 2403
2464 2458
2415 2416
2452 2451
2416 2409
2450 2452
996 995
2423 2424
994 996
2424 2417
1007 1008
2412 2411
1008 1001
2410 2412
2434 2435
2496 2490
2447 2448
2484 2483
2448 2441
2482 2484
1015 1016
2444 2443
1016 1009
2442 2444
1004 1003
2455 2456
1002 1004
2456 2449
1023 1024
2476 2475
1024 1017
2474 2476
1012 1011
2487 2488
1010 1012
2488 2481
5 6
6 7
28 29
13 14
4 6
14 16
21 22
12 14
22 23
20 22
30 32
38 39
60 61
45 46
36 37
46 47
53 54
44 46
54 55
52 54
62 64
94 93
70 72
92 94
77 78
68 69
78 79
85 86
76 78
86 88
84 86
94 95
101 102
102 103
124 125
109 110
100 102
110 111
108 110
118 120
116 117
126 127
134 136
156 157
132 133
142 144
140 141
150 152
148 149
158 160
190 189
166 168
188 190
164 165
174 175
181 182
172 173
182 183
180 182
190 191
197 198
222 221
198 200
220 222
205 206
196 198
206 207
204 206
214 216
212 213
222 223
229 230
254 253
230 231
252 254
228 230
238 240
236 237
246 247
244 245
254 255
261 262
286 285
262 263
284 286
260 262
270 272
277 278
268 269
278 279
276 278
286 288
293 294
294 295
316 317
301 302
292 294
302 304
309 310
300 302
310 311
308 310
318 320
326 327
348 349
333 334
324 325
334 335
341 342
332 334
342 343
340 342
350 352
382 381
358 360
380 382
365 366
356 357
366 367
373 374
364 366
374 376
372 374
382 383
389 390
390 391
412 413
397 398
388 390
398 399
396 398
406 408
404 405
414 415
422 424
444 445
420 421
430 432
428 429
438 440
436 437
446 448
478 477
454 456
476 478
452 453
462 463
469 470
460 461
470 471
468 470
478 479
485 486
510 509
486 488
508 510
493 494
484 486
494 495
492 494
502 504
500 501
510 511
517 518
542 541
518 519
540 542
516 518
526 528
524 525
534 535
532 533
542 543
549 550
574 573
550 551
572 574
548 550
558 560
565 566
556 557
566 567
564 566
574 576
581 582
582 583
604 605
589 590
580 582
590 592
597 598
588 590
598 599
596 598
606 608
614 615
636 637
621 622
612 613
622 623
629 630
620 622
630 631
628 630
638 640
670 669
646 648
668 670
653 654
644 645
654 655
661 662
652 654
662 664
660 662
670 671
677 678
678 679
700 701
685 686
676 678
686 687
684 686
694 696
692 693
702 703
710 712
732 733
708 709
718 720
716 717
726 728
724 725
734 736
766 765
742 744
764 766
740 741
750 751
757 758
748 749
758 759
756 758
766 767
773 774
798 797
774 776
796 798
781 782
772 774
782 783
780 782
790 792
788 789
798 799
805 806
830 829
806 807
828 830
804 806
814 816
812 813
822 823
820 821
830 831
837 838
862 861
838 839
860 862
836 838
846 848
853 854
844 845
854 855
852 854
862 864
869 870
870 871
892 893
877 878
868 870
878 880
885 886
876 878
886 887
884 886
894 896
902 903
924 925
909 910
900 901
910 911
917 918
908 910
918 919
916 918
926 928
958 957
934 936
956 958
941 942
932 933
942 943
949 950
940 942
950 952
948 950
958 959
965 966
966 967
988 989
973 974
964 966
974 975
972 974
982 984
980 981
990 991
998 1000
1020 1021
996 997
1006 1008
1004 1005
1014 1016
1012 1013
1022 1024
1054 1053
1030 1032
1052 1054
1028 1029
1038 1039
1045 1046
1036 1037
1046 1047
1044 1046
1054 1055
1061 1062
1086 1085
1062 1064
1084 1086
1069 1070
1060 1062
1070 1071
1068 1070
1078 1080
1076 1077
1086 1087
1093 1094
1118 1117
1094 1095
1116 1118
1092 1094
1102 1104
1100 1101
1110 1111
1108 1109
1118 1119
1125 1126
1150 1149
1126 1127
1148 1150
1124 1126
1134 1136
1141 1142
1132 1133
1142 1143
1140 1142
1150 1152
1182 1181
1158 1160
1180 1182
1165 1166
1156 1157
1166 1167
1173 1174
1164 1166
1174 1176
1172 1174
1182 1183
1190 1191
1212 1213
1197 1198
1188 1189
1198 1199
1205 1206
1196 1198
1206 1207
1204 1206
1214 1216
1221 1222
1222 1223
1244 1245
1229 1230
1220 1222
1230 1232
1237 1238
1228 1230
1238 1239
1236 1238
1246 1248
1278 1277
1254 1256
1276 1278
1252 1253
1262 1263
1269 1270
1260 1261
1270 1271
1268 1270
1278 1279
1286 1288
1308 1309
1284 1285
1294 1296
1292 1293
1302 1304
1300 1301
1310 1312
1317 1318
1318 1319
1340 1341
1325 1326
1316 1318
1326 1327
1324 1326
1334 1336
1332 1333
1342 1343
1349 1350
1374 1373
1350 1351
1372 1374
1348 1350
1358 1360
1365 1366
1356 1357
1366 1367
1364 1366
1374 1376
1381 1382
1406 1405
1382 1383
1404 1406
1380 1382
1390 1392
1388 1389
1398 1399
1396 1397
1406 1407
1413 1414
1438 1437
1414 1416
1436 1438
1421 1422
1412 1414
1422 1423
1420 1422
1430 1432
1428 1429
1438 1439
1445 1446
1446 1447
1468 1469
1453 1454
1444 1446
1454 1456
1461 1462
1452 1454
1462 1463
1460 1462
1470 1472
1478 1479
1500 1501
1485 1486
1476 1477
1486 1487
1493 1494
1484 1486
1494 1495
1492 1494
1502 1504
1534 1533
1510 1512
1532 1534
1517 1518
1508 1509
1518 1519
1525 1526
1516 1518
1526 1528
1524 1526
1534 1535
1541 1542
1542 1543
1564 1565
1549 1550
1540 1542
1550 1551
1548 1550
1558 1560
1556 1557
1566 1567
1574 1576
1596 1597
1572 1573
1582 1584
1580 1581
1590 1592
1588 1589
1598 1600
1630 1629
1606 1608
1628 1630
1604 1605
1614 1615
1621 1622
1612 1613
1622 1623
1620 1622
1630 1631
1637 1638
1662 1661
1638 1640
1660 1662
1645 1646
1636 1638
1646 1647
1644 1646
1654 1656
1652 1653
1662 1663
1669 1670
1694 1693
1670 1671
1692 1694
1668 1670
1678 1680
1676 1677
1686 1687
1684 1685
1694 1695
1701 1702
1726 1725
1702 1703
1724 1726
1700 1702
1710 1712
1717 1718
1708 1709
1718 1719
1716 1718
1726 1728
1733 1734
1758 1757
1734 1735
1756 1758
1732 1734
1742 1744
1740 1741
1750 1752
1748 1749
1758 1759
1765 1766
1790 1789
1766 1767
1788 1790
1764 1766
1774 1776
1772 1773
1782 1784
1780 1781
1790 1791
1797 1798
1822 1821
1798 1799
1820 1822
1796 1798
1806 1808
1804 1805
1814 1816
1812 1813
1822 1823
1829 1830
1854 1853
1830 1831
1852 1854
1828 1830
1838 1840
1836 1837
1846 1848
1844 1845
1854 1855
1861 1862
1886 1885
1862 1863
1884 1886
1860 1862
1870 1872
1868 1869
1878 1880
1876 1877
1886 1887
1893 1894
1918 1917
1894 1895
1916 1918
1892 1894
1902 1904
1900 1901
1910 1912
1908 1909
1918 1919
1925 1926
1950 1949
1926 1927
1948 1950
1924 1926
1934 1936
1932 1933
1942 1944
1940 1941
1950 1951
1957 1958
1982 1981
1958 1959
1980 1982
1956 1958
1966 1968
1964 1965
1974 1976
1972 1973
1982 1983
1989 1990
2014 2013
1990 1991
2012 2014
1988 1990
1998 2000
1996 1997
2006 2008
2004 2005
2014 2015
2021 2022
2046 2045
2022 2023
2044 2046
2020 2022
2030 2032
2028 2029
2038 2040
2036 2037
2046 2047
2053 2054
2078 2077
2054 2055
2076 2078
2052 2054
2062 2064
2060 2061
2070 2072
2068 2069
2078 2079
2085 2086
2110 2109
2086 2087
2108 2110
2084 2086
2094 2096
2092 2093
2102 2104
2100 2101
2110 2111
2117 2118
2142 2141
2118 2119
2140 2142
2116 2118
2126 2128
2124 2125
2134 2136
2132 2133
2142 2143
2149 2150
2174 2173
2150 2151
2172 2174
2148 2150
2158 2160
2156 2157
2166 2168
2164 2165
2174 2175
2181 2182
2206 2205
2182 2183
2204 2206
2180 2182
2190 2192
2188 2189
2198 2200
2196 2197
2206 2207
2213 2214
2238 2237
2214 2215
2236 2238
2212 2214
2222 2224
2220 2221
2230 2232
2228 2229
2238 2239
2245 2246
2270 2269
2246 2247
2268 2270
2244 2246
2254 2256
2252 2253
2262 2264
2260 2261
2270 2271
2277 2278
2302 2301
2278 2279
2300 2302
2276 2278
2286 2288
2284 2285
2294 2296
2292 2293
2302 2303
2309 2310
2334 2333
2310 2311
2332 2334
2308 2310
2318 2320
2316 2317
2326 2328
2324 2325
2334 2335
2341 2342
2366 2365
2342 2343
2364 2366
2340 2342
2350 2352
2348 2349
2358 2360
2356 2357
2366 2367
2373 2374
2398 2397
2374 2375
2396 2398
2372 2374
2382 2384
2380 2381
2390 2392
2388 2389
2398 2399
2405 2406
2430 2429
2406 2407
2428 2430
2404 2406
2414 2416
2412 2413
2422 2424
2420 2421
2430 2431
2437 2438
2462 2461
2438 2439
2460 2462
2436 2438
2446 2448
2444 2445
2454 2456
2452 2453
2462 2463
2469 2470
2494 2493
2470 2471
2492 2494
2468 2470
2478 2480
2476 2477
2486 2488
2484 2485
2494 2495
