A 486 164
26 0 1
27 0 1
21 0 1
22 0 1
480 0 1
479 0 1
30 1 1
31 1 1
25 1 1
26 1 -1
482 1 1
481 1 1
35 2 1
34 2 1
3 2 1
4 2 1
37 2 1
38 2 1
36 3 1
4 3 -1
2 3 1
0 3 1
8 3 1
41 3 1
40 4 1
8 4 -1
7 4 1
5 4 1
12 4 1
44 4 1
43 5 1
12 5 -1
11 5 1
9 5 1
16 5 1
47 5 1
46 6 1
16 6 -1
15 6 1
13 6 1
20 6 1
50 6 1
49 7 1
20 7 -1
19 7 1
17 7 1
24 7 1
53 7 1
52 8 1
24 8 -1
23 8 1
21 8 -1
28 8 1
56 8 1
55 9 1
28 9 -1
27 9 -1
25 9 -1
32 9 1
59 9 1
58 10 1
32 10 -1
31 10 -1
29 10 1
35 10 -1
61 10 1
63 11 1
39 11 1
37 11 -1
36 11 -1
42 11 1
68 11 1
67 12 1
42 12 -1
41 12 -1
40 12 -1
45 12 1
71 12 1
70 13 1
45 13 -1
44 13 -1
43 13 -1
48 13 1
74 13 1
73 14 1
48 14 -1
47 14 -1
46 14 -1
51 14 1
77 14 1
76 15 1
51 15 -1
50 15 -1
49 15 -1
54 15 1
80 15 1
79 16 1
54 16 -1
53 16 -1
52 16 -1
57 16 1
83 16 1
82 17 1
57 17 -1
56 17 -1
55 17 -1
60 17 1
86 17 1
85 18 1
60 18 -1
59 18 -1
58 18 -1
62 18 1
88 18 1
62 19 -1
61 19 -1
38 19 -1
39 19 -1
64 19 1
65 19 1
89 20 1
88 20 -1
65 20 -1
66 20 1
91 20 1
92 20 1
90 21 1
66 21 -1
64 21 -1
63 21 -1
69 21 1
95 21 1
94 22 1
69 22 -1
68 22 -1
67 22 -1
72 22 1
98 22 1
97 23 1
72 23 -1
71 23 -1
70 23 -1
75 23 1
101 23 1
100 24 1
75 24 -1
74 24 -1
73 24 -1
78 24 1
104 24 1
103 25 1
78 25 -1
77 25 -1
76 25 -1
81 25 1
107 25 1
106 26 1
81 26 -1
80 26 -1
79 26 -1
84 26 1
110 26 1
109 27 1
84 27 -1
83 27 -1
82 27 -1
87 27 1
113 27 1
112 28 1
87 28 -1
86 28 -1
85 28 -1
89 28 -1
115 28 1
117 29 1
93 29 1
91 29 -1
90 29 -1
96 29 1
122 29 1
121 30 1
96 30 -1
95 30 -1
94 30 -1
99 30 1
125 30 1
124 31 1
99 31 -1
98 31 -1
97 31 -1
102 31 1
128 31 1
127 32 1
102 32 -1
101 32 -1
100 32 -1
105 32 1
131 32 1
130 33 1
105 33 -1
104 33 -1
103 33 -1
108 33 1
134 33 1
133 34 1
108 34 -1
107 34 -1
106 34 -1
111 34 1
137 34 1
136 35 1
111 35 -1
110 35 -1
109 35 -1
114 35 1
140 35 1
139 36 1
114 36 -1
113 36 -1
112 36 -1
116 36 1
142 36 1
116 37 -1
115 37 -1
92 37 -1
93 37 -1
118 37 1
119 37 1
143 38 1
142 38 -1
119 38 -1
120 38 1
145 38 1
146 38 1
144 39 1
120 39 -1
118 39 -1
117 39 -1
123 39 1
149 39 1
148 40 1
123 40 -1
122 40 -1
121 40 -1
126 40 1
152 40 1
151 41 1
126 41 -1
125 41 -1
124 41 -1
129 41 1
155 41 1
154 42 1
129 42 -1
128 42 -1
127 42 -1
132 42 1
158 42 1
157 43 1
132 43 -1
131 43 -1
130 43 -1
135 43 1
161 43 1
160 44 1
135 44 -1
134 44 -1
133 44 -1
138 44 1
164 44 1
163 45 1
138 45 -1
137 45 -1
136 45 -1
141 45 1
167 45 1
166 46 1
141 46 -1
140 46 -1
139 46 -1
143 46 -1
169 46 1
170 47 1
169 47 -1
146 47 -1
147 47 1
172 47 1
173 47 1
171 48 1
147 48 -1
145 48 -1
144 48 -1
150 48 1
176 48 1
175 49 1
150 49 -1
149 49 -1
148 49 -1
153 49 1
179 49 1
178 50 1
153 50 -1
152 50 -1
151 50 -1
156 50 1
182 50 1
181 51 1
156 51 -1
155 51 -1
154 51 -1
159 51 1
185 51 1
184 52 1
159 52 -1
158 52 -1
157 52 -1
162 52 1
188 52 1
187 53 1
162 53 -1
161 53 -1
160 53 -1
165 53 1
191 53 1
190 54 1
165 54 -1
164 54 -1
163 54 -1
168 54 1
194 54 1
193 55 1
168 55 -1
167 55 -1
166 55 -1
170 55 -1
196 55 1
197 56 1
196 56 -1
173 56 -1
174 56 1
199 56 1
200 56 1
198 57 1
174 57 -1
172 57 -1
171 57 -1
177 57 1
203 57 1
202 58 1
177 58 -1
176 58 -1
175 58 -1
180 58 1
206 58 1
205 59 1
180 59 -1
179 59 -1
178 59 -1
183 59 1
209 59 1
208 60 1
183 60 -1
182 60 -1
181 60 -1
186 60 1
212 60 1
211 61 1
186 61 -1
185 61 -1
184 61 -1
189 61 1
215 61 1
214 62 1
189 62 -1
188 62 -1
187 62 -1
192 62 1
218 62 1
217 63 1
192 63 -1
191 63 -1
190 63 -1
195 63 1
221 63 1
220 64 1
195 64 -1
194 64 -1
193 64 -1
197 64 -1
223 64 1
225 65 1
201 65 1
199 65 -1
198 65 -1
204 65 1
230 65 1
229 66 1
204 66 -1
203 66 -1
202 66 -1
207 66 1
233 66 1
232 67 1
207 67 -1
206 67 -1
205 67 -1
210 67 1
236 67 1
235 68 1
210 68 -1
209 68 -1
208 68 -1
213 68 1
239 68 1
238 69 1
213 69 -1
212 69 -1
211 69 -1
216 69 1
242 69 1
241 70 1
216 70 -1
215 70 -1
214 70 -1
219 70 1
245 70 1
244 71 1
219 71 -1
218 71 -1
217 71 -1
222 71 1
248 71 1
247 72 1
222 72 -1
221 72 -1
220 72 -1
224 72 1
250 72 1
224 73 -1
223 73 -1
200 73 -1
201 73 -1
226 73 1
227 73 1
251 74 1
250 74 -1
227 74 -1
228 74 1
253 74 1
254 74 1
252 75 1
228 75 -1
226 75 -1
225 75 -1
231 75 1
257 75 1
256 76 1
231 76 -1
230 76 -1
229 76 -1
234 76 1
260 76 1
259 77 1
234 77 -1
233 77 -1
232 77 -1
237 77 1
263 77 1
262 78 1
237 78 -1
236 78 -1
235 78 -1
240 78 1
266 78 1
265 79 1
240 79 -1
239 79 -1
238 79 -1
243 79 1
269 79 1
268 80 1
243 80 -1
242 80 -1
241 80 -1
246 80 1
272 80 1
271 81 1
246 81 -1
245 81 -1
244 81 -1
249 81 1
275 81 1
274 82 1
249 82 -1
248 82 -1
247 82 -1
251 82 -1
277 82 1
278 83 1
277 83 -1
254 83 -1
255 83 1
280 83 1
281 83 1
279 84 1
255 84 -1
253 84 -1
252 84 -1
258 84 1
284 84 1
283 85 1
258 85 -1
257 85 -1
256 85 -1
261 85 1
287 85 1
286 86 1
261 86 -1
260 86 -1
259 86 -1
264 86 1
290 86 1
289 87 1
264 87 -1
263 87 -1
262 87 -1
267 87 1
293 87 1
292 88 1
267 88 -1
266 88 -1
265 88 -1
270 88 1
296 88 1
295 89 1
270 89 -1
269 89 -1
268 89 -1
273 89 1
299 89 1
298 90 1
273 90 -1
272 90 -1
271 90 -1
276 90 1
302 90 1
301 91 1
276 91 -1
275 91 -1
274 91 -1
278 91 -1
304 91 1
306 92 1
282 92 1
280 92 -1
279 92 -1
285 92 1
311 92 1
310 93 1
285 93 -1
284 93 -1
283 93 -1
288 93 1
314 93 1
313 94 1
288 94 -1
287 94 -1
286 94 -1
291 94 1
317 94 1
316 95 1
291 95 -1
290 95 -1
289 95 -1
294 95 1
320 95 1
319 96 1
294 96 -1
293 96 -1
292 96 -1
297 96 1
323 96 1
322 97 1
297 97 -1
296 97 -1
295 97 -1
300 97 1
326 97 1
325 98 1
300 98 -1
299 98 -1
298 98 -1
303 98 1
329 98 1
328 99 1
303 99 -1
302 99 -1
301 99 -1
305 99 1
331 99 1
305 100 -1
304 100 -1
281 100 -1
282 100 -1
307 100 1
308 100 1
333 101 1
309 101 1
307 101 -1
306 101 -1
312 101 1
338 101 1
337 102 1
312 102 -1
311 102 -1
310 102 -1
315 102 1
341 102 1
340 103 1
315 103 -1
314 103 -1
313 103 -1
318 103 1
344 103 1
343 104 1
318 104 -1
317 104 -1
316 104 -1
321 104 1
347 104 1
346 105 1
321 105 -1
320 105 -1
319 105 -1
324 105 1
350 105 1
349 106 1
324 106 -1
323 106 -1
322 106 -1
327 106 1
353 106 1
352 107 1
327 107 -1
326 107 -1
325 107 -1
330 107 1
356 107 1
355 108 1
330 108 -1
329 108 -1
328 108 -1
332 108 1
358 108 1
332 109 -1
331 109 -1
308 109 -1
309 109 -1
334 109 1
335 109 1
359 110 1
358 110 -1
335 110 -1
336 110 1
361 110 1
362 110 1
360 111 1
336 111 -1
334 111 -1
333 111 -1
339 111 1
365 111 1
364 112 1
339 112 -1
338 112 -1
337 112 -1
342 112 1
368 112 1
367 113 1
342 113 -1
341 113 -1
340 113 -1
345 113 1
371 113 1
370 114 1
345 114 -1
344 114 -1
343 114 -1
348 114 1
374 114 1
373 115 1
348 115 -1
347 115 -1
346 115 -1
351 115 1
377 115 1
376 116 1
351 116 -1
350 116 -1
349 116 -1
354 116 1
380 116 1
379 117 1
354 117 -1
353 117 -1
352 117 -1
357 117 1
383 117 1
382 118 1
357 118 -1
356 118 -1
355 118 -1
359 118 -1
385 118 1
386 119 1
385 119 -1
362 119 -1
363 119 1
388 119 1
389 119 1
387 120 1
363 120 -1
361 120 -1
360 120 -1
366 120 1
392 120 1
391 121 1
366 121 -1
365 121 -1
364 121 -1
369 121 1
395 121 1
394 122 1
369 122 -1
368 122 -1
367 122 -1
372 122 1
398 122 1
397 123 1
372 123 -1
371 123 -1
370 123 -1
375 123 1
401 123 1
400 124 1
375 124 -1
374 124 -1
373 124 -1
378 124 1
404 124 1
403 125 1
378 125 -1
377 125 -1
376 125 -1
381 125 1
407 125 1
406 126 1
381 126 -1
380 126 -1
379 126 -1
384 126 1
410 126 1
409 127 1
384 127 -1
383 127 -1
382 127 -1
386 127 -1
412 127 1
413 128 1
412 128 -1
389 128 -1
390 128 1
415 128 1
416 128 1
414 129 1
390 129 -1
388 129 -1
387 129 -1
393 129 1
419 129 1
418 130 1
393 130 -1
392 130 -1
391 130 -1
396 130 1
422 130 1
421 131 1
396 131 -1
395 131 -1
394 131 -1
399 131 1
425 131 1
424 132 1
399 132 -1
398 132 -1
397 132 -1
402 132 1
428 132 1
427 133 1
402 133 -1
401 133 -1
400 133 -1
405 133 1
431 133 1
430 134 1
405 134 -1
404 134 -1
403 134 -1
408 134 1
434 134 1
433 135 1
408 135 -1
407 135 -1
406 135 -1
411 135 1
437 135 1
436 136 1
411 136 -1
410 136 -1
409 136 -1
413 136 -1
439 136 1
441 137 1
417 137 1
415 137 -1
414 137 -1
420 137 1
446 137 1
445 138 1
420 138 -1
419 138 -1
418 138 -1
423 138 1
449 138 1
448 139 1
423 139 -1
422 139 -1
421 139 -1
426 139 1
452 139 1
451 140 1
426 140 -1
425 140 -1
424 140 -1
429 140 1
455 140 1
454 141 1
429 141 -1
428 141 -1
427 141 -1
432 141 1
458 141 1
457 142 1
432 142 -1
431 142 -1
430 142 -1
435 142 1
461 142 1
460 143 1
435 143 -1
434 143 -1
433 143 -1
438 143 1
464 143 1
463 144 1
438 144 -1
437 144 -1
436 144 -1
440 144 1
466 144 1
440 145 -1
439 145 -1
416 145 -1
417 145 -1
442 145 1
443 145 1
468 146 1
444 146 1
442 146 -1
441 146 -1
447 146 1
472 146 1
471 147 1
447 147 -1
446 147 -1
445 147 -1
450 147 1
474 147 1
473 148 1
450 148 -1
449 148 -1
448 148 -1
453 148 1
476 148 1
475 149 1
453 149 -1
452 149 -1
451 149 -1
456 149 1
478 149 1
477 150 1
456 150 -1
455 150 -1
454 150 -1
459 150 1
480 150 -1
479 151 -1
459 151 -1
458 151 -1
457 151 -1
462 151 1
482 151 -1
481 152 -1
462 152 -1
461 152 -1
460 152 -1
465 152 1
484 152 1
483 153 1
465 153 -1
464 153 -1
463 153 -1
467 153 1
485 153 1
467 154 -1
466 154 -1
443 154 -1
444 154 -1
469 154 1
470 154 1
6 155 1
7 155 -1
0 155 -1
1 155 1
469 155 -1
468 155 -1
10 156 1
11 156 -1
5 156 -1
6 156 -1
472 156 -1
471 156 -1
14 157 1
15 157 -1
9 157 -1
10 157 -1
474 157 -1
473 157 -1
18 158 1
19 158 -1
13 158 -1
14 158 -1
476 158 -1
475 158 -1
22 159 -1
23 159 -1
17 159 -1
18 159 -1
478 159 -1
477 159 -1
33 160 1
34 160 -1
29 160 -1
30 160 -1
484 160 -1
483 160 -1
485 161 -1
470 161 -1
1 161 -1
2 161 -1
3 161 -1
33 161 -1
256 162 -1
260 162 -1
259 162 -1
263 162 -1
262 162 -1
266 162 -1
265 162 -1
269 162 -1
268 162 -1
272 162 -1
271 162 -1
275 162 -1
274 162 -1
277 162 -1
254 162 -1
253 162 -1
252 162 -1
257 162 -1
298 163 -1
303 163 1
329 163 1
330 163 1
355 163 -1
359 163 -1
385 163 1
386 163 -1
389 163 -1
390 163 1
415 163 1
417 163 -1
441 163 -1
447 163 1
472 163 1
6 163 1
5 163 1
12 163 1
44 163 1
45 163 1
70 163 -1
75 163 1
101 163 1
102 163 1
127 163 -1
132 163 1
158 163 1
159 163 1
184 163 -1
189 163 1
215 163 1
216 163 1
241 163 -1
246 163 1
272 163 1
273 163 1
b 164
0.120007
-0.0417938
-0.237698
-0.183071
-0.0417965
0.120005
0.223705
0.223701
0.120005
-0.0417965
-0.183071
-0.183067
-0.0417964
0.120006
0.223699
0.223702
0.120006
-0.0417964
-0.183067
-0.237706
-0.237715
-0.183051
-0.0417978
0.120006
0.223709
0.223709
0.120006
-0.0417978
-0.18305
-0.183063
-0.0417954
0.120006
0.223701
0.223701
0.120006
-0.0417954
-0.183063
-0.237699
-0.237699
-0.183063
-0.0417954
0.120006
0.223701
0.223701
0.120006
-0.0417954
-0.183063
-0.237715
-0.18305
-0.0417978
0.120006
0.223709
0.223709
0.120006
-0.0417978
-0.183051
-0.237706
-0.183066
-0.0417964
0.120006
0.223699
0.223702
0.120006
-0.0417964
-0.183066
-0.183072
-0.0417964
0.120005
0.223705
0.223701
0.120005
-0.0417963
-0.183072
-0.237698
-0.237706
-0.183045
-0.0417938
0.120007
0.223703
0.223709
0.120006
-0.0417938
-0.183045
-0.237698
-0.183071
-0.0417965
0.120005
0.223705
0.223702
0.120007
-0.0417964
-0.183071
-0.183067
-0.0417964
0.120006
0.223699
0.223702
0.120005
-0.0417963
-0.183067
-0.237706
-0.183051
-0.0417978
0.120006
0.223709
0.223709
0.120006
-0.0417978
-0.18305
-0.237715
-0.237699
-0.183063
-0.0417954
0.120006
0.223701
0.223701
0.120006
-0.0417954
-0.183063
-0.237699
-0.183063
-0.0417954
0.120006
0.223701
0.223701
0.120006
-0.0417954
-0.183063
-0.237714
-0.183051
-0.041798
0.120006
0.223709
0.223709
0.120006
-0.041798
-0.183051
-0.183066
-0.0417957
0.120006
0.223702
0.223702
0.120006
-0.0417957
-0.183066
-0.237708
-0.183072
-0.0417967
0.120005
0.2237
0.2237
0.120005
-0.0417966
-0.183072
-0.237698
-0.183045
-0.0417938
0.120007
0.223706
0.22371
-0.183045
-0.237706
-1.98771e-05
-1.56884e-05