0.1200070359802021
-0.04179384107854922
-0.2376982064330067
-0.1830712837191202
-0.04179647327984171
0.1200052044488871
0.2237050968600567
0.2237011923213883
0.120004648183448
-0.04179652065084838
-0.1830713430694653
-0.1830666875099602
-0.0417963670877981
0.1200061462781381
0.2236989282336932
0.2237019035188412
0.1200060887760852
-0.04179640346437985
-0.1830666819015363
-0.237706085645085
-0.2377151302882812
-0.1830505396422906
-0.04179780601280036
0.1200057374767383
0.2237092940195211
0.2237093538399915
0.120005691463307
-0.04179778514040233
-0.1830504828985671
-0.1830629609151222
-0.04179541186831504
0.1200055355234273
0.2237009998335573
0.2237009795104514
0.1200055775523783
-0.04179543352429427
-0.1830629535544599
-0.2376989647209884
-0.2376989647209893
-0.1830629535544608
-0.04179543352429427
0.1200055775523783
0.2237009795104505
0.2237009998335582
0.1200055355234273
-0.04179541186831592
-0.1830629609151222
-0.2377151302882803
-0.1830504828985671
-0.04179778514040233
0.1200056914633061
0.2237093538399924
0.223709294019522
0.1200057374767383
-0.04179780601279948
-0.1830505396422915
-0.2377061016925506
-0.1830661278473986
-0.04179640346437985
0.1200060786918913
0.2236989025213054
0.2237018889585363
0.1200061462781372
-0.04179641323188754
-0.1830661169099077
-0.1830724285641692
-0.04179638298969657
0.1200051902699739
0.2237050259360158
0.2237011211486291
0.1200046105058394
-0.04179632031150415
-0.1830724191891075
-0.2376975153946299
-0.2377057860694434
-0.1830452569183532
-0.04179377402171447
0.1200070646053391
0.2237026397736726
0.2237094450509804
0.1200057937276702
-0.04179383023303807
-0.1830451765450238
-0.2376982090568722
-0.1830713078854407
-0.041796489151122
0.1200052605886013
0.2237051139345683
0.223701732345126
0.1200065886895212
-0.04179643412536649
-0.1830713986085666
-0.1830666875099602
-0.0417963670877981
0.1200061462781381
0.2236989282336932
0.2237019035188412
0.1200049136468078
-0.04179634164264012
-0.1830666819015363
-0.237706085645085
-0.1830505396422906
-0.04179780601280036
0.1200057374767383
0.2237092940195211
0.2237093538399915
0.120005691463307
-0.04179778514040233
-0.1830504828985671
-0.2377151302882812
-0.2376989647209884
-0.1830629609151222
-0.04179541186831504
0.1200055355234273
0.2237009998335573
0.2237009795104514
0.1200055775523783
-0.04179543352429427
-0.1830629535544599
-0.2376989647209893
-0.1830629535544608
-0.04179543352429427
0.1200055775523783
0.2237009795104505
0.2237009998335582
0.1200055355234273
-0.04179541186831592
-0.1830629609151222
-0.2377140953803503
-0.1830505628536665
-0.04179798789559985
0.1200056914633061
0.2237093538399924
0.223709294019522
0.1200057317381056
-0.04179804978753232
-0.1830505398405649
-0.1830657676741039
-0.0417957252156187
0.1200060460390029
0.2237019011747101
0.2237018889585363
0.1200061173844178
-0.0417956941311175
-0.183065783944377
-0.237708219346402
-0.1830721553346137
-0.0417967362784406
0.1200046843637477
0.2237002395529091
0.2237001817076143
0.1200046104942905
-0.04179664262641403
-0.1830721435102269
-0.2376983510453572
-0.1830451707806988
-0.04179384140304432
0.1200070671975793
0.2237060894654261
0.2237095073524964
-0.183045244827122
-0.2377055801197177
-1.987710726325531e-05
-1.568835102006005e-05
