1.16932152839144 0.5303826564735084 -0.7806061548994548
0.9320664548662606 1.053286200410974 -1.046813815655176
1.425451025662064 0.1959963107105636 -0.9911988267040204
0.7364269406063719 0.5595252910318316 -1.327934335472354
1.884034314757233 0.6510856912310578 -0.5824684141737559
1.210034495345736 0.5486919837049895 -1.111690452420555
1.398297585194248 1.154531153985281 0.2431497507155617
1.128068623288377 0.9417843400954845 -0.2769772415214694
0.681459823837203 0.6617382708170596 0.8580748098593546
0.625754253187086 0.5074286828806687 0.5421727247340868
0.7493125684656419 -0.2275052954061002 0.9740521849598632
0.8484357331504943 -0.3964067267572552 0.7324337857651579
1.440419126863303 -0.532476579493658 0.7165391696868103
1.66771062410678 -0.5828320556786644 0.3858789677622734
1.932606581340838 -0.03143536050870099 0.268613023599561
2.126965913885754 0.1210420855932852 -0.1269732772051891
1.670689718820056 0.5983419553675042 -0.2670804150399937
1.734347459111616 0.9405493928682456 -0.6123623255359831
0.8318187566076359 0.5303808764912216 -1.133460668189208
0.5178202068392735 1.05328398093211 -1.302467134362088
1.000481933547597 0.1959930533995676 -1.41895500596886
0.2378316740693769 0.5595205726068491 -1.499720239466251
1.571201271125251 0.6510835108906112 -1.191720507993027
0.7568400995125236 0.5486926478537532 -1.458503995187966
1.397131273411501 1.154531441036268 -0.2497604315815075
0.9653065724919455 0.9417828962021895 -0.6460965362950145
0.9338390874103822 0.6617364965700847 0.5732566304307476
0.7734523714507627 0.5074274941245001 0.295455294162984
1.037267110628733 -0.2275073276271716 0.6590306765624276
1.047772889475483 -0.3964091971384692 0.3980819198332916
1.598622312178427 -0.5324745917471537 0.1806732481161147
1.699114948714473 -0.5828324559047673 -0.2077830385098631
1.907932089350097 -0.03143871964176087 -0.4085819524941867
1.955266090553664 0.1210423565778237 -0.8467818531696411
1.478582898051052 0.5983457505943607 -0.8223791006372312
1.420321490630393 0.9405470706160557 -1.168616522186956
0.3939836027770679 0.5303765364961789 -1.349596780280323
0.04111291033390342 1.053281680453996 -1.401010050143262
0.4548320997402228 0.1959918532150969 -1.675564415259473
-0.2894480012663889 0.5595179501302086 -1.490616548539003
1.068854465295762 0.6510835606456046 -1.657233463838418
0.2123587339542056 0.548693114538517 -1.629399598163736
1.227452160999639 1.154530495609492 -0.712545068393873
0.6861129073064555 0.9417838045464659 -0.9372864668689693
1.073583565899972 0.6617365751447035 0.2192964748080564
0.8278549181010877 0.5074286772741078 0.01310385976845393
1.200114375036927 -0.2275060962415781 0.2645194871655149
1.120735160819533 -0.3964099512015172 0.01571717198169609
1.564007625542037 -0.5324741555428554 -0.3769843449883371
1.525579241841822 -0.5828323887889318 -0.7763832883315857
1.653126363393828 -0.03143767421316923 -1.036494019722125
1.547727997284418 0.1210465049911824 -1.464448600276787
1.108145394088032 0.5983445788221496 -1.278490584946906
0.9349784537400817 0.9405433326606023 -1.583928053545576
-0.09136803445706537 0.5303780804335414 -1.402958210151517
-0.4405390984992522 1.053283767864102 -1.330585298813635
-0.1456784594222384 0.1959883461217888 -1.73007116111558
-0.7818119308134801 0.5595219342706298 -1.301725617432649
0.4375863315264689 0.65108362803785 -1.922859340560328
-0.3577359967321608 0.5486944972862937 -1.603765597517767
0.9097214600341619 1.154531205178758 -1.08938766074951
0.3241642262420983 0.9417823700406438 -1.115426631015037
1.083844864787125 0.6617378372042899 -0.1611244361947812
0.782413749666294 0.507428177006542 -0.2708347081532785
1.218209789911153 -0.2275069584305105 -0.1618967188230369
1.058524340698982 -0.3964070934998336 -0.3685511501411714
1.340750697749475 -0.5324736422097686 -0.8891712726880789
1.168036769708068 -0.5828331946651693 -1.251337706255109
1.198928572674131 -0.03143158617989095 -1.539382910609919
0.9535182007657228 0.1210413113186932 -1.905489171241642
0.6040471999591653 0.5983407390602252 -1.580402344600837
0.3368539151177886 0.940547057281812 -1.808173818146932
-0.5656969332491982 0.5303804929857847 -1.28710118405458
-0.869059297246993 1.053284237067495 -1.099672323160434
-0.7286131225648329 0.1959920200394598 -1.575914201827317
-1.179880184934532 0.559521088371209 -0.9558251471967627
-0.2464596967632299 0.6510850062064537 -1.956557486701782
-0.8846812243039017 0.5486939607459893 -1.384694420859855
0.4822670892634182 1.154529874684022 -1.334833730168026
-0.07688270604770497 0.9417822060887636 -1.159029027609073
0.963373353644848 0.661737366603308 -0.522099
0.6425971860100206 0.5074282810034091 -0.522099
1.089370848140629 -0.227506480552036 -0.5687850437280476
0.8686358756778414 -0.3964082090531804 -0.7083575163050687
0.9557789562891028 -0.5324751994285409 -1.294111201112033
0.6696120844599236 -0.582833087415738 -1.575364469736996
0.6001246506853962 -0.03143642461609369 -1.85660461282665
0.244298314944251 0.1210428405078403 -2.116695845132664
0.02708823547516226 0.5983444019443886 -1.691679701064717
-0.3018917104341771 0.9405471114636544 -1.814338344774989
-0.9717959405521966 0.5303789108381407 -1.015998050167043
-1.192757378911361 1.053282228776349 -0.7361114415185946
-1.22366706535522 0.1959947951494276 -1.231675938104223
-1.435637184975116 0.5595203575762761 -0.4946415107926204
-0.9007791329074943 0.6510850017723443 -1.754268527560028
-1.304921877138897 0.5486923933426501 -0.998608706760892
-0.0033555353354425 1.154530276842248 -1.419277843398157
-0.4686569024103671 0.9417838423086653 -1.062834646042823
0.7267080774287429 0.6617370575171826 -0.8201017139921832
0.4252758073475604 0.5074290324236619 -0.7103910216689393
0.8291379788861326 -0.2275050308847497 -0.9070693943532583
0.5739792957473544 -0.3964097336477855 -0.9627257575979978
0.4555273760765802 -0.5324758112206825 -1.542961904762587
0.09042271091334875 -0.582832138479027 -1.709381221406144
-0.0710650253501901 -0.03143633297104298 -1.949892317261913
-0.4943860472207172 0.1210486612469083 -2.072593552754962
-0.5531329346728595 0.5983441113838776 -1.598925883258078
-0.9042314310170974 0.9405427326613873 -1.601681780629067
-1.260683811173403 0.5303797893277798 -0.6223574388150722
-1.372598892320839 1.053284316822045 -0.2837788123273463
-1.571128507237516 0.1959911247991035 -0.7388757425240233
-1.518238817765371 0.55952372163131 0.02620236114582773
-1.446451612375812 0.6510837515513492 -1.34039141973774
-1.567769349771901 0.5486928302508742 -0.4920762463350043
-0.4885761183393095 1.154531049778117 -1.3325359564852
-0.803904732463988 0.9417826261435365 -0.8384482528483421
0.4023849002177733 0.6617381180829063 -1.019198916229501
0.1566573421101101 0.5074280779012479 -0.8130072155573695
0.4688984569955521 -0.2275063661385656 -1.135949143940228
0.2100886979595809 -0.3964067848909305 -1.100984268280984
-0.09966848382821528 -0.5324744295464631 -1.605709372085155
-0.499674747908655 -0.5828323125540781 -1.637219801651084
-0.7336792833892443 -0.03143142321535836 -1.807994211684512
-1.173446248740334 0.1210423471131398 -1.778516421958747
-1.06664641896937 0.598340844427615 -1.313320649167195
-1.397502644971961 0.940547236498172 -1.195810305657127
-1.397516760666099 0.5303800109748841 -0.1536433625039478
-1.38688216946671 1.053284651059526 0.2027896609624513
-1.729093136655535 0.1959908424794186 -0.1569616115641912
-1.417711549888801 0.5595208445070297 0.5438916472660404
-1.817661388144094 0.6510835930133199 -0.7648407287435464
-1.641520953457717 0.5486932350172282 0.07380874568206586
-0.9148638675173741 1.1545305340697 -1.085073046856643
-1.042188369008146 0.9417841513769774 -0.5129316128064091
0.02953476777273348 0.6617374133275586 -1.095355829879054
-0.1308515983077255 0.5074285438353507 -0.8175543181758371
0.05210258253173594 -0.2275057611610328 -1.22781563553331
-0.1791380510608849 -0.3964081487485921 -1.106439767293033
-0.6428437674110318 -0.5324740166292035 -1.474784884191838
-1.029502040652594 -0.5828321453718424 -1.367585057970528
-1.30780777207942 -0.03143761827743269 -1.448027269512556
-1.710970999430972 0.1210397564264704 -1.269917691907357
-1.451497877868053 0.5983442830006287 -0.8692980626064362
-1.722206196975511 0.940549476556231 -0.6457200365972265
-1.365777190405413 0.5303773510754461 0.3336013437940852
-1.233868170871849 1.053282397489929 0.6649005940187789
-1.678498217586515 0.1959889517715218 0.4438885664347826
-1.146181631845885 0.5595161673783127 0.9959778454273032
-1.969632871048954 0.6510835018541978 -0.09703867118806342
-1.517280524185964 0.5486953026859297 0.6307915763270112
-1.230806584609142 1.154531830031264 -0.7067316541861725
-1.154770316292092 0.9417836949041835 -0.1255483717292074
-0.3468773033675726 0.66173620834491 -1.039399175377594
-0.4025825148104382 0.507428043829526 -0.7234967082507359
-0.3709752252265968 -0.2275072406936268 -1.171589038041905
-0.5467560409955995 -0.3964103500730167 -0.9784439213167704
-1.108481005327355 -0.5324731640319174 -1.16597879755692
-1.435152695246407 -0.582833662231415 -0.9329989836777591
-1.724194359466957 -0.03144103964998979 -0.9134028421091906
-2.042116346543391 0.1210400820436761 -0.6081482732518856
-1.661273682698466 0.5983468626473355 -0.3204332380790863
-1.839206395159054 0.9405444376565488 -0.01775321463249657
-1.169321631871873 0.5303824739924144 0.7806060919762319
-0.9320664785139108 1.053286400172777 1.046813562747213
-1.425451074292893 0.1959963200548362 0.9911986550656695
-0.736426937532195 0.5595253308120719 1.327934401823475
-1.884034327768088 0.6510856919649937 0.5824683211498378
-1.210034118513283 0.5486919198276761 1.111690813518772
-1.398297562169598 1.154531173060621 -0.243149841370738
-1.128068579888571 0.9417843601745997 0.2769775277739062
-0.6814598174593057 0.6617377478162727 -0.8580752325657987
-0.625754202507145 0.5074287112158558 -0.5421727567230042
-0.7493108100716912 -0.2275077492113217 -0.9740525880729056
-0.8484368154511137 -0.3964070746352312 -0.7324338213862867
-1.440419122181811 -0.5324765909309838 -0.7165392900159524
-1.667710141350469 -0.5828328814850181 -0.3858793437364402
-1.932606473618927 -0.03143543627091167 -0.2686135601551378
-2.12696586453685 0.1210420532763158 0.1269729711381564
-1.670689678363466 0.5983418830180143 0.2670803536708051
-1.734347496589166 0.9405493834218598 0.6123620856364791
-0.8318187711323429 0.5303811568079524 1.133460442082646
-0.5178202752943333 1.053284178654527 1.30246687404996
-1.000481938525627 0.1959930505225425 1.418955007161687
-0.237831552488992 0.5595206630108391 1.499720141635572
-1.571200915636236 0.6510834776865788 1.19172075282057
-0.7568400814856309 0.5486926453860146 1.458503998846149
-1.397131231832476 1.154531482246893 0.249760571706036
-0.9653063505538487 0.9417829014841322 0.6460969294336487
-0.9338390396424706 0.6617366662011559 -0.5732565476932296
-0.7734523259796922 0.5074275926021871 -0.2954552154054361
-1.037268628016831 -0.2275052018176197 -0.6590298675890408
-1.0477726972246 -0.3964089395938356 -0.3980820124896626
-1.598623211410433 -0.5324748186489932 -0.1806734396834667
-1.699115043627752 -0.5828319269655859 0.2077832655132158
-1.907932127026655 -0.03143877247700683 0.4085817069881449
-1.955266105800404 0.1210423070782229 0.8467816578925297
-1.478583045771472 0.5983458043899611 0.8223788833402765
-1.420321599710809 0.9405470789283461 1.168616339213168
-0.3939836856642839 0.5303767918742286 1.349596591238801
-0.04111305050714117 1.053281861175953 1.401009847959947
-0.4548319773129745 0.1959919357071429 1.675564334303019
0.2894481250196193 0.5595180886158256 1.490616344018479
-1.068854471587539 0.6510835611456494 1.65723346220476
-0.2123585568984507 0.5486930905195291 1.629399571611445
-1.227451925534372 1.154530607149235 0.7125453862957593
-0.6861129064687974 0.9417838045593654 0.9372864675857624
-1.073583524097955 0.6617366720348623 -0.2192964397316938
-0.8278547020796161 0.5074289826384761 -0.01310367850333685
-1.200114287515164 -0.2275059052047914 -0.2645196198023725
-1.120735097328247 -0.3964098414326295 -0.015717237116146
-1.564007618379283 -0.5324741439675746 0.3769842666046428
-1.525579211356007 -0.582832358052829 0.7763830898191096
-1.653126451678738 -0.03143771328922285 1.036493858633855
-1.547728058259456 0.121046467781685 1.464448466259589
-1.108145555800281 0.5983446196385989 1.278490468352731
-0.9349786187665843 0.9405433409693854 1.58392791896239
0.09136790126926755 0.5303783190488606 1.402958070652932
0.4405389079541087 1.053283939296216 1.330585164070872
0.1456785992479938 0.1959884781649574 1.730070972323612
0.7818119699026179 0.5595220510851666 1.301725419616083
-0.4375861725073297 0.6510836157497893 1.922859325403629
0.3577359325469125 0.5486945070873251 1.603765632409369
-0.9097214892239363 1.154531195312366 1.08938764144916
-0.3241640802415068 0.9417823718648819 1.11542668575923
-1.083844695976602 0.6617381561716165 0.1611244976358449
-0.7824137791538188 0.507428143026308 0.2708346974208617
-1.218209771568517 -0.2275068634133273 0.161896641942801
-1.058524245247415 -0.3964068132372712 0.3685509384233315
-1.340750763361451 -0.5324736043832327 0.8891710239835844
-1.168036812765604 -0.582833160945456 1.251337490169224
-1.198928729116747 -0.03143163045989694 1.53938277329202
-0.9535183580789433 0.1210412545621197 1.905489010959988
-0.6040474139560881 0.5983407845906683 1.580402284081792
-0.3368541336529142 0.9405470663117066 1.808173742050406
0.5656967632470724 0.5303807276475878 1.287101099942743
0.8690590712120855 1.053284409182247 1.099672261467872
0.7286131816643717 0.1959921368203244 1.575914002628568
1.17988016047167 0.5595211807741441 0.9558249895806222
0.246459621898852 0.6510850125840862 1.956557522321425
0.8846812937216504 0.5486939466831814 1.384694342317826
-0.4822669731094312 1.154529908360042 1.334833757996311
0.0768826075568152 0.9417822049363076 1.159029026656737
-0.9633734045000601 0.6617372763070914 0.522099
-0.6425971201409779 0.5074283523307183 0.522099
-1.089370865995182 -0.2275062932635576 0.5687848889616267
-0.8686358824147505 -0.396408318294093 0.708357606576639
-0.9557791431328144 -0.5324751512564059 1.294110932066388
-0.6696121582884984 -0.5828330656481689 1.575364348163194
-0.6001249171929868 -0.03143648545389438 1.856604509052681
-0.2442985120226283 0.1210427853110903 2.116695750980907
-0.02708849360180776 0.5983444549350055 1.691679720058596
0.3018914072545227 0.9405471232949318 1.814338349015775
0.9717957573821268 0.5303791388441492 1.015998029864806
1.192757151631846 1.053282396301425 0.7361114603363667
1.223667054709375 0.1959948938609525 1.231675762796183
1.435637121916507 0.5595204333528749 0.494641396194708
0.900779218962152 0.6510849923370147 1.754268440159444
1.304921949744867 0.5486923667311346 0.998608522167949
0.003355421844829759 1.154530244635368 1.419277856382465
0.4686571838020477 0.9417838458003966 1.062834546694976
-0.7267080539376168 0.661737101903753 0.8201017054422437
-0.425275921447369 0.5074289009399356 0.7103910631972369
-0.8291379214397367 -0.2275051852232737 0.9070695091676402
-0.5739792986781873 -0.3964097206030356 0.9627257471934307
-0.4555274781511464 -0.5324757928454095 1.542961832700089
-0.09042251237011401 -0.5828321774290566 1.709381380644731
0.07106474588911377 -0.03143639243312135 1.949892311041543
0.494385924071232 0.1210486299790834 2.072593540819806
0.5531326229142361 0.5983441813662636 1.598926023420854
0.9042310576361778 0.9405427482465956 1.601681922474796
1.260683680552043 0.5303799556439323 0.622357470594418
1.372598381659599 1.053284144918646 0.283778340037846
1.571128141738707 0.195990442045787 0.7388753319821397
1.518237587489021 0.5595237159144932 -0.02620248452714067
1.446451732260758 0.6510837293598952 1.340391157347238
1.567769280682967 0.548693202206934 0.4920759578954895
0.4885763938618435 1.154531136602076 1.332535818951493
0.8039050847692427 0.9417826314814846 0.8384479629874327
-0.4023849947265593 0.6617378990279913 1.019198995532479
-0.1566573093125241 0.5074281242634637 0.8130071880366874
-0.4688984480667049 -0.2275063809166567 1.135949152389486
-0.2100886005771078 -0.3964069861241828 1.100984403643161
0.09966877618844483 -0.5324742605674606 1.60570951225416
0.4996736297351634 -0.5828324737588466 1.637219798526841
0.7336791831338549 -0.03143144573337447 1.807994245667296
1.17344700133978 0.1210412527732509 1.778516897419543
1.066646194315758 0.5983408698940234 1.313321370192734
1.397503736087086 0.9405465271568837 1.195812984676669
1.397516141072929 0.5303796930975896 0.1536440132982771
1.386881138778953 1.053284430450395 -0.2027899948342269
1.729093734513399 0.1959921739926908 0.1569619222909267
1.41771156369491 0.5595208359296988 -0.543891641917139
1.817660308131555 0.6510839822591779 0.7648405876483857
1.64152102977129 0.548692994696887 -0.07380862305842223
0.9148650288522956 1.154530198016361 1.085072802594341
1.042188747146627 0.941782894986106 0.5129322448012723
-0.0295348306424644 0.6617371900698372 1.095355938772897
0.1308528557533556 0.5074280145417738 0.8175556155177079
-0.05210240904665428 -0.2275059884418922 1.227815710675957
0.1791380444136002 -0.3964081390417852 1.106439762764003
0.6428435649628128 -0.532474545304597 1.474784900850562
1.029502298737374 -0.5828321848782839 1.367585052252384
1.307807510471184 -0.03143856584790411 1.448027426754661
1.710970654269055 0.1210403709748654 1.26991755254465
1.451498787997794 0.5983439098703197 0.8692990804269406
1.722207479684432 0.9405489627261394 0.6457213730102438
1.365776873453921 0.530377279051337 -0.3336003923200236
1.233867847696626 1.053282469841164 -0.6649006687054816
1.678498170158931 0.1959889234376705 -0.4438884567016261
1.146181591642762 0.5595161410719675 -0.9959779452393501
1.969632899661957 0.6510835202160665 0.09703884234381133
1.517280577461187 0.5486953258419485 -0.6307916244655329
1.230807054325545 1.154530884982102 0.7067326132207516
1.154770240118707 0.9417836909789706 0.125548662765119
0.3468750393215926 0.6617368716517049 1.039398585903445
0.4025788332622978 0.507428888755454 0.7234951977725066
0.3709751477720406 -0.2275070452540763 1.17158897728976
0.546755745355415 -0.3964098798913104 0.9784436838671683
1.10848125197812 -0.5324731906715863 1.165978571864409
1.435152608871261 -0.5828336372186997 0.9329988394099398
1.724194312854425 -0.0314410782765554 0.9134028456097794
2.042116581166285 0.1210401721560566 0.6081477717342204
1.661274046888473 0.5983467302964556 0.3204331226530948
1.839206385739895 0.940544458359827 0.01775304044845011