    9.68762     3.08034
    18.3551    -9.66096
   -5.57388     26.0334
   -3.99073    -38.9932
   -15.9932    -33.0093
    2.86917      -10.64
    -9.3307    -18.8985
    24.9557     4.02523
    36.9455     12.0735
   -3.95816     10.4755
    8.04856     18.6149
    3.82295    -25.3893
    32.1775    -17.2562
    13.9943    -3.28927
    5.11081    -3.38942
    10.5643    -11.3153
    22.8467    -3.28822
    17.3847     4.84012
   -20.2107    -26.4943
   -11.5894    -26.3762
   -16.7987    -18.2061
    39.0646     19.4272
    41.5236    -31.2485
   -3.25324    -14.7468
   -3.26354    -23.4007
    4.67189    -18.0172
   -3.35466    -6.14757
   -11.1236    -11.3646
    30.9516     8.04837
    30.7316     16.7133
    23.0155     11.5492
    31.1706   -0.622001
    38.8932     4.54858
    2.04257     14.5426
    1.75328     23.4374
   -6.00764     18.1578
    2.32574     5.64402
     10.089     10.9212
    26.2591    -21.2409
    25.8151    -12.3698
    18.1058    -17.3959
   -1.24253    -31.7721
    34.2818     -25.017
    9.62588    -3.35834
    7.82583    -7.36157
     12.283    -7.24173
    18.3554    -3.24485
      20.11    0.778281
    15.6975    0.687815
   -15.9517    -26.4117
   -14.1808    -22.2834
    -18.513    -22.4325
    43.5056     19.4312
   -24.4944    -26.5688
    41.7642     15.3475
    44.2358    -35.3475
   -6.45113    -44.8838
   -21.8838    -30.5489
   -3.18632    -18.9911
   0.697836    -20.6963
   0.610221    -16.4186
    -3.3466     -10.516
   -7.24885    -8.75271
   -7.10316    -13.0485
    30.7881     12.3051
    26.8727     14.1258
    27.0757     9.81685
    31.1149     3.79126
     35.027     1.97451
    34.8279     6.28013
    1.84383      18.901
   -2.15241     20.8464
   -1.88141     16.3731
    2.24105     10.1834
     6.2385      8.2397
    5.96578     12.7118
    25.9787    -16.8769
    21.9251    -14.8499
    22.3003    -19.3127
    3.36511    -31.5553
    1.31722    -35.5422
    30.1879    -23.1534
   -1.72987     3.65291
   0.618874    -3.93741
    2.75839    0.868979
    19.5109     8.77321
    13.4441     13.9848
    14.2829     8.70181
    8.33515    -15.1624
    8.68845    -19.8418
    13.7629    -15.0405
    29.8876    -10.4779
    27.2768    -2.83048
     25.274    -7.64995
    -14.633    -14.1998
   -9.37942     15.1029
   -10.1953     20.3475
     5.8176     25.4119
     34.646     18.9187
    1.29088     28.2186
   -3.12581    -27.8557
   -7.25666    -25.7647
   -9.37037    -30.8272
    42.4009     7.30393
    37.5543    -21.9453
    38.4143    -27.3151
     16.186    -6.50199
    14.4492    -10.7341
    11.8157  -0.0764148
    7.15292  -0.0850342
    3.87968     -6.9871
    6.69045    -11.0846
    13.5641     4.23105
    20.8588    -6.56432
    24.0128    0.335626
     21.187     4.55178
   -7.66317      29.229
   -9.41996     24.8591
   -18.0847    -29.7728
   -13.5597    -29.7841
   -10.3562    -22.6514
   -13.0519    -18.4388
   -2.84733    -42.7706
   -3.06283     29.2293
    37.8891     15.7739
    40.7035     11.5463
  -0.158933    -12.6629
    4.03017    -14.3873
    -6.3367    -16.8415
   -6.33936    -21.4198
    0.18058    -24.5374
    4.41327    -21.6694
   -10.4583    -15.0674
  -0.205878    -8.15203
    -4.9219     6.82983
   -7.68138      10.954
    27.9155     6.01181
    23.7421     7.85206
    33.9878     10.0849
    33.8747     14.6475
    9.02756     22.2615
    11.7727     18.1516
    38.1621     8.24209
    28.0311     1.44833
    33.1284    -13.6245
    35.8867    -17.7475
   -1.00043     12.4788
   -5.19596     14.3311
    5.08632     16.6071
    4.96727     21.2235
   -1.84146     24.8876
    -5.9568      22.076
     9.2782     14.7564
  -0.879819     7.85881
    5.92684     4.20993
    10.0543     7.00939
    5.75693    -28.2777
    7.74244    -24.0406
    29.2525    -19.2268
    29.0734    -14.6183
    22.1604    -10.8635
    18.0458    -13.5291
    33.4365    -21.1376
     1.0954    -28.5316
   -12.3218    -34.2125
   -2.78751    -35.3218
  0.0112083    -39.3032
    8.67213    -5.34042
    10.0547    -7.35642
    10.9502    -5.30181
    19.2891    -1.25861
    17.9051    0.795272
     17.026    -1.27726
   -15.0164    -24.3703
    -16.344    -22.2993
   -17.2298    -24.4186
    42.5776     17.4104
    42.0569     -35.338
   -6.33805    -47.0569
   -23.1911    -28.5576
   -1.27334    -19.9066
   0.722185    -18.5539
   -1.28989    -17.7023
   -5.27223    -9.57901
   -7.23655    -10.9005
     -5.227    -11.7808
    28.8567     13.2742
    26.9103     11.9706
    28.9317     11.0606
     33.045     2.82312
    34.9924     4.12774
    32.9712     5.03652
  -0.124007      19.928
    -2.0787     18.6001
 -0.0229979      17.644
    4.20851     9.15686
     6.1635     10.4844
    4.10778     11.4408
    23.9859    -15.8117
    22.0495    -17.0842
    24.1328      -18.09
    2.28501    -33.5242
    30.4239    -25.4057
    3.59427    -35.4239
    28.3737    -24.4035
    4.59653    -33.3737
   -1.29693    -2.36859
    1.10955    -1.34469
   0.175684     1.76055
    18.7249     11.1619
    14.4105      11.485
    16.9038      9.3763
    9.07017    -17.4526
    13.7236    -17.7135
    11.2865    -18.7236
    11.0391    -15.6284
    29.1772    -4.46813
    26.8528     -5.4969
    27.9049    -8.62727
    -15.372    -11.7961
   -10.3635     17.5664
   -17.1824    -13.6287
    32.7453     20.5344
    35.1047     21.5691
    3.87583     27.2866
   -5.45432    -27.3296
   -7.85241     -28.512
   -5.15242    -29.8958
    43.2089     4.91556
    38.4966     -24.486
     40.976    -26.6661
    41.6661     -24.024
     14.225    -6.90091
    13.3464    -9.00629
    15.3392     -8.5947
    9.52018  -0.0686908
    8.36466    -1.72994
    10.6884     -1.7175
     5.8507    -7.16102
    5.28975    -9.03486
    7.27092    -9.22941
    13.7689    0.339329
    14.6455     2.47719
    12.6699     2.04479
    18.4885    -6.53768
    19.6279    -4.89579
    17.3056    -4.87755
    22.0639    0.546082
    22.5932     2.44024
    20.6387     2.66997
    -20.412    -22.7998
   -19.5303     -20.626
    -8.5174     27.0751
   -15.8503    -29.7879
   -14.7323    -28.0862
   -16.9876    -28.0955
   -12.2673    -22.4821
   -11.7055    -20.5493
   -13.6278     -20.354
   -19.9929    -30.1942
   -4.63341    -43.8439
   -5.06646     -41.911
    -18.911    -31.9335
   -5.40029     29.2212
    42.2615     21.0942
   -23.4507    -24.8984
    39.8268     15.5724
    39.3002     13.6663
    44.7572    -33.4393
    48.4393    -20.2428
   0.259256     -14.554
    2.34002    -15.4103
     1.9022    -13.5067
   -6.34177    -19.0907
    -4.7646     -20.226
   -4.76144    -17.9535
   0.442841    -22.6108
    2.29485    -23.0983
     2.5483    -21.1837
   -6.74784    -14.9304
   -8.80453    -14.0474
   -8.36914    -15.9808
  -0.170635    -10.4424
   -1.77772    -9.30946
   -1.75415    -11.5579
   -7.03862    -6.84205
   -6.30397     8.89259
   -9.09547    -8.22053
    27.4648      7.9287
    25.3867     8.84352
    25.8597     6.90839
    33.9402     12.3287
    32.3315     13.4993
    32.3868     11.2294
    27.0656     16.0434
    10.4048     20.2083
    25.0191     14.6753
    34.4386     8.16792
    36.5176     7.25247
    36.0435     9.18789
    27.9635     3.76811
    29.5725     2.59646
    29.5166     4.86717
    34.8288   0.0579402
    34.5148    -15.6817
    36.8796     1.43031
   -1.46868     14.4354
    -3.5665     15.3673
    -3.0698     13.3911
    5.03051      18.884
     3.4016     20.0949
    3.46687      17.783
   -1.99336     22.8552
   -3.89854     23.4853
    -4.0474     21.4551
    5.55362     14.6503
    7.64994      13.718
    7.15503      15.696
  -0.943432     10.2013
   0.683757     8.98862
   0.618774      11.302
       6.08     6.23488
    7.99302     5.60917
    8.13749     7.63157
    22.7609    -21.2652
    7.73482    -27.7609
    20.6397    -20.2705
    8.72951    -25.6397
    6.73115    -26.1907
    29.1652    -16.9498
      27.52    -15.7167
    27.6201    -18.0236
    22.0445    -12.8655
    20.1034    -12.1987
     19.997    -14.1963
    29.7471    -21.1965
    31.8384    -22.1636
    31.3212    -20.1693
    3.46174    -28.3966
    2.19486    -30.0459
    4.53155    -29.9182
   -0.72073    -35.4286
   -1.38893     -37.309
   0.669376    -37.4167
    4.36179     2.59084
    5.01893    0.366562
    6.43807     2.04254
   -2.88928     7.25022
   -3.35457     5.25737
   -1.28326      5.7866
   0.201569    -6.09623
    1.81489    -7.47446
    2.27684    -5.45345
    13.9291     6.39011
    12.1219     7.85731
    11.8597     5.70941
    22.3837     6.25916
    21.6784     8.29441
    20.3323     6.63879
    12.6095     16.1032
    10.6034     16.4088
    11.3274     14.3586
    14.0957    -12.8307
    15.9619    -14.3009
    16.1934     -12.208
    5.44423     -12.785
     6.1224    -14.7651
    7.53213    -13.1086
    6.51078    -20.7632
    6.12871    -22.7723
    8.21829    -21.9755
    23.7037    -9.30085
    23.0009    -7.06897
    21.6078    -8.70083
    31.0862    -14.0348
     31.545    -12.0631
    29.4563    -12.5721
     27.656   -0.633609
     26.044    0.793882
    25.6181    -1.25247
   -9.80702     22.6778
   -8.02505     21.2152
   -7.74448     23.3769
   -11.8355    -16.6935
    -12.498    -14.6524
   -13.8586    -16.3436
    -8.5307      12.998
   -6.51929     12.6857
   -7.25092      14.729
  -0.289287      26.506
  -0.951115     28.7556
   -2.35179     27.0727
    6.98372      21.834
    7.45575     23.8215
    5.37093       23.29
    34.2549     16.7273
    35.8623     15.3063
    36.2946     17.3556
   -10.8456    -32.5778
   -11.5105    -30.2692
   -12.8531    -31.9805
   0.541841    -26.5538
   -1.44873    -26.1582
  -0.986958     -28.206
   -6.78403    -23.5281
   -8.33631    -22.1342
   -8.82468    -24.2201
    38.1046    -29.6579
  -0.657916    -43.1046
     36.315    -28.1498
    0.85024     -41.315
   -1.33099    -41.0861
    39.5162     9.83456
    40.2279     7.79466
    41.5646      9.4485
    36.7249    -19.8077
    34.7347    -19.4888
    35.4654     -21.556
    11.8214    -3.32896
     13.136    -5.25604
    7.39157    -3.37146
    6.46859    -5.38487
    9.18362    -9.33707
     11.434    -9.26234
    16.1653    -3.25574
    14.8506    -1.31644
    20.5804     -3.2627
     21.474    -1.24454
    18.7535     2.80321
     16.535      2.7405
    -18.088    -26.4458
   -19.3612    -24.4773
   -13.7873    -26.3966
   -12.8818    -24.3173
   -15.4814    -20.2497
   -17.6659    -20.3419
   -22.3394    -26.5408
   -21.0541    -28.5095
    41.3092     19.4276
    40.4157     17.3801
    42.8891    -33.3071
   -4.36992    -45.6999
    40.6999    -33.3699
   -3.20597    -16.8559
   -1.33775    -15.5911
   -3.20754    -21.1698
    -1.2827    -22.0462
    2.68407    -19.3565
    2.61165     -17.224
   -3.30709     -12.641
   -5.16542    -13.8958
   -3.35961    -8.35453
   -5.30475    -7.44678
   -9.19113     -10.056
   -9.08734    -12.2089
    30.8598     10.1655
    29.0281     8.93733
    30.7482     14.4846
    28.8015     15.4207
    24.9414     12.8378
    25.0735     10.6834
    31.0434     5.93121
    32.8752     7.15948
    31.1545     1.61042
    33.0974    0.675967
     36.962     3.26326
    36.8315     5.41387
    1.93269     16.7096
  0.0957072     15.4635
    1.78774     21.1375
  -0.209009     22.1573
   -4.08782     19.5181
   -3.91189     17.2664
    2.15246     12.3754
    3.98925     13.6216
    2.29572      7.9458
    4.29227     6.92865
    8.17372     9.56513
    7.99513      11.817
    26.1069    -19.0672
    24.2983    -20.2739
    25.8855    -14.6502
    23.8587    -13.5968
    20.0039    -16.1125
    20.2411    -18.3595
    5.57796    -31.4151
    26.4151     -23.422
    28.2124    -22.2042
    1.09883    -31.6698
  0.0203715    -33.6617
    2.63287    -37.4196
    32.4196    -26.3671
    32.2075    -24.0853
   0.317304     4.46578
     2.3977     3.26151
     -3.392    -3.90535
   -1.38524    -4.91072
    2.80326    -3.50317
    3.79515    -1.33147
    18.3229      6.9307
    15.9445     6.87053
    21.1432     10.2267
     20.932     12.4664
    11.9202     12.3625
    12.2341     9.95418
    9.58976    -13.3483
     12.035    -13.2699
    6.61843    -16.6454
    6.75738    -18.8467
    10.2467    -21.3027
    16.3027    -18.7533
    15.8989    -16.3485
     27.821    -11.2502
    25.6951    -10.0205
    31.2215    -2.89848
    29.2359    -1.86203
     25.131    -3.22734
    24.1892    -5.40266
   -15.8374    -16.0793
   -18.1875    -16.1724
   -12.9979    -12.7131
   -13.1812     -10.463
    -7.8485     16.7144
   -8.15521     19.1135
    3.75958      24.606
    1.67001     25.8174
    30.6788     18.9815
    32.6751     17.9481
    36.7933     19.3366
    37.7523     21.5365
   -2.38304    -29.8497
   -3.68437    -31.9357
   -3.29829    -25.6709
   -5.25624    -24.7098
   -9.37558    -26.2492
   -10.3528    -28.5161
    44.1449    -22.5679
    42.4321    -29.1449
    40.0783     -29.188
    40.7707     5.86229
    40.9851      3.6333
     36.064    -23.5762
    36.3961    -26.0207
    17.2738    -8.08852
     16.399    -10.2236
    15.0919    -4.90074
    12.5042     -11.128
       12.9    -1.67774
    10.7448      1.5097
    8.39434     1.50123
    6.02773     -1.7035
    8.62639    -11.2784
    4.41814    -5.15745
    3.38577    -8.82727
    4.76742    -10.8476
    11.6332     3.68427
    15.4808        4.65
    19.6356    -8.11964
    21.9596    -4.96748
    19.2849       4.782
     23.507    -1.51162
    24.4737     2.19531
    23.0815     4.27352
   -6.61352     27.6216
   -7.50419     25.4205
   -21.2771    -24.8549
   -18.6805    -18.4203
   -19.1443     -28.137
   -17.0346     -31.397
   -14.7503    -31.4044
   -12.4795    -28.1202
   -14.9255    -18.2376
   -10.9021    -24.5435
   -9.85287    -20.7564
   -11.1837    -18.6853
   -3.39051    -40.8857
    39.6485    -31.4329
   -2.43288    -44.6485
   -4.28962     27.6278
    39.9575     21.1351
    46.3124    -21.5946
    43.4054    -31.3124
    38.3986     17.6321
     37.427     13.9075
    38.8157     11.8258
    1.36462     -11.643
    3.47878    -12.5281
   -1.70068    -13.6991
    4.45931    -16.2138
   -4.80316    -15.7971
   -7.84626    -17.8753
   -7.83185    -20.1929
   -4.83195    -22.5175
    4.63791    -19.8284
   -1.59265    -24.0533
    2.00224    -24.9597
    4.11469    -23.5297
    -9.9181    -16.9685
   -10.8902    -13.2009
    1.32856    -9.36781
   -1.75336    -7.05156
    -11.128    -9.53204
   -5.04689     -5.4566
    -4.4439     8.65416
   -5.81838     10.7111
    26.4251     5.01155
    24.3223     5.95303
    29.4267     7.02568
    23.2761     9.71604
    32.4766     9.07102
    35.4778     11.0856
    35.4071     13.3918
    32.3298     15.7821
    22.9912     13.3787
    29.0425     17.4242
    8.54042     20.4375
    9.90998     18.3854
    37.5794     10.1432
    38.6312     6.37812
    26.4967     2.70652
     29.576     0.31065
    38.9152      2.7263
    32.8526    -1.33056
    32.6531    -15.4401
    34.0324    -17.5019
    -2.4917     11.4681
   -4.59644     12.4103
   0.513799     13.5056
   -5.69819     16.2419
     3.5715     15.5797
    6.57906     17.6193
     6.5099     19.9384
    3.39695     22.4176
    -6.0791     20.1013
  0.0025108     24.2474
   -3.71628     25.4585
    -5.7596     24.0596
    8.68271     16.6799
    9.77804      12.841
   -2.41967     9.14786
   0.685964     6.66232
     10.167     8.97789
    4.07668     4.84047
    7.81333     3.64826
    9.86631      5.0375
    4.78042    -26.8206
     5.7905    -24.6964
    6.75166    -29.7598
    24.7598    -22.2483
     9.6787    -23.4782
    18.4782    -19.3213
    27.7613    -20.2305
    30.7248     -18.235
    30.6301    -15.9177
    27.4835    -13.4088
    17.9744    -15.4673
    24.0358    -11.5342
    20.2511    -10.2621
     18.202    -11.5902
    32.8266    -19.1999
    33.9516    -23.0725
    2.44073    -26.9605
  -0.161299    -30.1228
    34.3854    -26.9889
    2.01113    -39.3854
     -2.106     -33.508
   -14.1635    -33.6099
   -3.39013    -37.1635
   -1.99515    -39.1458
    9.36272    -6.34878
     10.496    -6.32491
     9.8134    -5.32843
    18.5966   -0.231583
    17.4728   -0.246744
    18.1558    -1.25894
   -15.6797    -23.3342
    -16.781    -23.3642
   -16.1243    -24.3866
   -7.37482    -47.7399
    42.7399    -36.3748
    43.2601     16.3748
   -24.7399    -29.6252
   -7.39497    -46.6316
   -23.6316     -29.605
     43.696     17.4178
    -24.304    -28.5822
  -0.276232    -19.2292
  -0.290502    -18.1371
   -1.27085    -18.8015
   -6.25477    -10.2398
   -6.22598    -11.3335
   -5.25849     -10.682
    27.8836     12.6219
    27.9271     11.5235
    28.8845      12.165
    34.0183     3.47618
    33.9757     4.57408
    33.0179     3.93228
   -1.10257     19.2663
   -1.04396     18.1295
 -0.0828157     18.7821
    5.18741     9.81859
    5.12866     10.9552
    4.16751     10.3027
    23.0158    -16.4465
     23.099    -17.5805
    24.0497    -16.9535
    2.93692    -34.4747
    29.3932    -24.9123
    4.08771    -34.3932
    3.44567    -33.4575
  -0.189177    -1.62117
          0           0
  -0.982063      1.2848
    -1.2848   -0.982063
     15.289     12.4089
    17.4089      11.711
         16          11
    17.6221     10.4598
    10.4074    -17.9038
         12         -17
    10.2562    -16.6926
    28.1147    -5.24123
         28          -7
    29.0926    -8.17975
    29.1798    -5.90738
   -11.2527     16.6561
   -16.6561    -11.2527
        -12          18
        -18         -12
   -16.4588    -12.5207
    33.8307     21.2981
          4          29
         34          23
    5.04731     27.7517
    32.7517     21.9527
   -6.59745    -28.1762
         -7         -30
   -5.55862    -28.7694
     44.546     4.35757
    39.3576     -23.546
         40         -25
    44.3211     5.59462
    40.5946    -23.3211
    13.7886    -7.94779
    14.3404    -8.81199
    14.7803    -7.75146
    8.93018   -0.897946
    9.53434    -1.72312
    10.0999   -0.892816
    5.56888    -8.09782
    6.27946    -9.13337
    6.56159    -8.19503
    14.2049     1.40034
     13.661     2.27382
    13.2202     1.19576
    19.0711    -5.71928
    18.4595    -4.88547
    17.9004    -5.70784
    22.3303     1.49275
    21.6166       2.557
    21.3497     1.60728
   -19.9745    -21.7205
   -9.49711     26.8384
   -20.5029    -20.8384
   -9.05394     27.9333
   -20.9461    -21.9333
   -15.2797    -28.9395
    -15.866     -28.091
   -16.4152    -28.9414
   -11.9851    -21.5153
   -12.6663    -20.4504
   -12.9478    -21.4187
   -5.72667    -43.4169
   -20.4169    -31.2733
    -4.8371    -42.8798
   -19.8798    -32.1629
   -19.4532    -31.0671
     42.818     21.9381
   -4.81797     30.0619
    -25.182    -24.0619
    43.4135     21.0975
   -24.5865    -24.9025
   -5.97091     30.0591
   -24.0291    -24.0591
    39.5615     14.6192
    49.6192    -18.5615
    40.2715     13.5511
    48.5511    -19.2715
    40.5356     14.5074
    45.4644    -34.5074
    49.5074    -19.5356
    1.29133     -14.981
    2.13369    -14.4629
    1.08473    -14.0301
    -5.5538     -19.672
    -4.7608    -19.0812
    -5.5536    -18.5256
    1.36496    -22.8585
     2.4266    -22.1391
    1.49474    -21.8956
   -7.76899     -14.492
    -8.5978    -15.0094
   -7.56332     -15.455
  -0.973905    -9.86386
   -1.76616    -10.4411
  -0.961215    -10.9958
   -6.56992     7.96225
   -7.96225    -6.56992
   -7.26363      8.9982
    -8.9982    -7.26363
    -8.0671    -7.53201
    26.4335      8.3837
    25.6115     7.88064
    26.6579     7.41873
    33.1361     12.9268
    32.3582     12.3563
    33.1651      11.783
    10.6771     21.1405
    26.1405     16.3229
    11.3664      20.109
     25.109     15.6336
    26.0429      15.358
    35.4702      7.7127
    36.2922     8.21535
    35.2456     8.67771
    28.7679     3.16948
    29.5454     3.73996
    28.7385     4.31357
    34.7822    -14.7516
    35.7516   -0.217766
    35.4743    -15.7859
    36.7859     0.47426
    35.8531    0.745977
   -2.50983     14.9004
   -3.32854     14.3817
   -2.27447     13.9139
    4.21764     19.4998
     3.4326     18.9313
    4.24987     18.3387
   -2.94308     23.1736
   -3.97705     22.4681
   -3.02081     22.1568
    6.59422     14.1853
    7.41275     14.7046
     6.3595     15.1723
  -0.131301     9.58444
   0.653052     10.1532
  -0.163674     10.7463
    7.03306     5.91881
    8.06944     6.62195
    7.10978     6.93222
     21.709      -20.77
    8.22997     -26.709
    7.73371    -25.9049
     7.2335    -26.9701
    28.3449     -16.323
    27.5681    -16.8767
    28.3934    -17.4819
    21.0775    -12.5288
    20.0453    -13.1988
    21.0199    -13.5306
    30.7862    -21.6793
    31.5899    -21.1682
    30.5389    -20.6842
     2.8179    -29.2207
      3.372    -29.9827
    3.99088    -29.1559
   -1.05886    -36.3663
  -0.357457    -37.3671
 -0.0270568    -36.4224
    4.64114     1.46632
    5.71869     1.21239
    5.40136     2.30682
   -3.11489      6.2516
   -2.31049     5.47867
   -2.09054     6.51217
    1.01087    -6.77361
    2.04167    -6.46753
    1.22677    -5.73201
    13.0527     7.16605
    11.9995     6.77716
    12.8915     6.06271
    22.0191     7.27906
    20.9696     7.49531
    21.3631     6.45135
    11.6058     16.2478
    10.9733     15.3859
    12.0033      15.207
    15.0002    -13.6013
    16.0673    -13.2495
    15.1496    -12.5321
    5.79637    -13.7778
    6.86434    -13.9616
    6.48161    -12.9496
    6.32721    -21.7677
    7.17154    -22.3672
    7.39155    -21.3323
    23.4004    -8.17646
    22.3153     -7.8932
    22.6536    -8.99001
    31.3074     -13.046
    30.4909    -12.2771
    30.2771    -13.2971
    26.8478   0.0681879
    25.8348   -0.225304
    26.6498   -0.987837
   -8.94557     21.9034
   -7.89297     22.3015
   -8.77277     23.0153
    -12.178    -15.6708
   -13.2134    -15.4688
   -12.8426    -16.5164
   -7.52387     12.8496
   -6.89312     13.7058
   -7.92667     13.8864
  -0.571695     27.6408
   -1.64068     27.9064
   -1.32278     26.7998
    7.21226     22.8304
    6.40391     23.5981
    6.18224     22.5681
    35.0611     16.0292
     36.074     16.3267
    35.2628      17.085
   -11.1364    -31.4121
   -12.1712    -31.1347
   -11.8505     -32.267
  -0.456772    -26.3628
   -1.26234    -27.1947
  -0.227479    -27.3752
   -7.56224    -22.8447
   -8.57571    -23.1715
    -7.7964     -23.919
    37.2354    -28.8618
   0.138162    -42.2354
   -0.24648    -41.2097
  -0.981264    -42.0919
    39.8835     8.81202
    40.9333     8.59201
    40.5355     9.63977
    35.7294    -19.6572
    35.1082    -20.5193
    36.1282    -20.7061
    11.3789    -4.31295
    12.0435    -5.28589
    12.4781    -4.29261
    6.90653    -4.37007
    7.57231    -5.36555
    8.02947    -4.35691
    9.61714    -8.34431
    10.3082    -9.32329
     10.742    -8.31122
    16.6031    -2.27045
    15.9383    -1.28825
    15.5075    -2.28604
    21.0513    -2.26352
    20.3801    -1.24739
     19.936    -2.25972
    18.3323     1.79567
    17.6453     2.79809
    17.2211     1.76928
   -17.6527    -25.4357
   -18.2949    -24.4403
   -18.7245     -25.461
   -13.3129    -25.3659
   -13.9503    -24.3409
   -14.3994    -25.3818
   -15.9107    -21.2777
   -16.5722    -20.2703
   -17.0033    -21.3189
   -22.7731    -27.5462
   -22.1216    -28.5418
   -21.6968    -27.5246
    40.8382     18.4125
     41.499     17.3914
    41.9414     18.4187
    42.4763    -34.3252
    41.7942    -33.3124
   -5.35332      -46.38
      41.38    -34.3533
    -2.2519    -17.2877
   -1.30456    -16.6461
   -2.27246    -16.2228
   -2.25594    -21.6334
   -1.27051    -20.9733
   -2.24205    -20.5397
    1.69753     -18.961
    2.67496    -18.2898
    1.66907    -17.8882
   -4.26394     -12.204
   -5.20376    -12.8381
   -4.23662    -13.2682
   -4.32264    -7.87749
    -5.2942    -8.51541
   -4.31532    -8.96416
   -8.20879    -10.4742
   -9.16405    -11.1316
   -8.16518    -11.5544
    29.8992     10.6206
    28.9716     9.99881
    29.9441     9.55117
    29.7845     14.9769
    28.8227     14.3447
    29.8036     13.8816
    25.9311     12.4089
    24.9816     11.7613
    25.9891     11.3267
    32.0039     5.47618
    32.9316     6.09812
    31.9591     6.54563
    32.1166      1.1186
    33.0779     1.75249
    32.0983     2.21466
    35.9717     3.69052
     36.923     4.33755
    35.9147     4.77139
   0.958849     17.1839
  0.0283191     16.5526
    1.01377     16.0872
   0.800587       21.67
  -0.172131     21.0376
   0.831456      20.538
   -3.07695     19.0629
   -4.02533     18.3896
   -2.99956     17.9357
     3.1261      11.901
    4.05653     12.5324
    3.07126     12.9978
    3.28234     7.41418
    4.25621     8.04757
    3.25252     8.54633
    7.16211     10.0212
     8.1095     10.6933
    7.08382     11.1483
    25.1247    -18.5722
    24.2072     -19.182
    25.2016    -19.6704
    24.8841    -14.1016
    23.9164     -14.708
    24.9347    -15.2264
    21.0343    -16.5953
    20.0966    -17.2361
    21.1401    -17.7201
    5.07978    -32.3915
    27.3915    -23.9202
    28.3005    -23.3018
    27.3137    -22.8144
   0.536109    -32.6566
    1.15877     -33.598
    1.68597    -32.5968
    3.10974    -36.4165
    31.4165    -25.8903
    32.3379    -25.2232
    31.3195    -24.7485
   0.256225     3.16479
    1.31941     2.50128
    1.31872     3.79718
   -2.35946    -4.34387
   -1.33757    -3.66554
   -2.35918    -3.14372
    1.98817    -2.45562
    3.22692    -2.39096
    2.48354    -1.30935
    17.6356     8.10571
    16.3909     8.10409
    17.1337     6.98069
    20.9659     11.3465
    19.8398     11.8218
    19.9593     10.6792
     13.122     11.9331
    12.1495     11.1704
    13.3222     10.6816
     10.287    -14.4595
    11.5766    -14.4394
    10.8125    -13.3791
    6.76326    -17.7413
    7.89594    -18.1609
    7.81704    -17.0416
    10.7412    -20.0669
    15.0669    -18.2588
    16.0253    -17.5538
    14.8088    -17.0036
    27.8588    -9.97986
    26.7654     -9.3083
    26.7958    -10.5743
    30.2014    -2.44801
    29.2027    -3.13441
    30.2096    -3.67375
    25.9573    -4.31919
    24.7326    -4.34751
    25.4933    -5.47264
   -16.4926    -14.9019
   -17.7208    -14.9215
   -17.0099    -16.0458
    -13.159    -11.5883
   -14.2674    -11.1202
   -14.1621    -12.2704
   -9.05875     17.1355
   -8.07672     17.9003
   -9.25563     18.3778
    3.81242     25.8985
    2.74003     26.5653
    2.75196     25.2757
    31.7058     18.5312
     32.713     19.2131
     31.699      19.749
    35.9807     20.4162
    37.2005     20.4654
     36.458      21.579
    -3.7096    -29.8619
   -4.43423    -30.9381
   -3.10083    -30.8647
   -4.31086    -25.2604
   -5.35041    -25.9895
   -4.35964    -26.4848
   -8.62675    -27.3387
   -9.80206    -27.4116
   -9.12257    -28.5464
    42.9563    -23.2675
    41.7325    -27.9563
    40.4972    -27.9446
    41.2516    -29.0861
    40.9509     4.74626
     42.085     4.26964
    41.9621     5.40511
    37.2436    -24.0206
    36.2995    -24.7858
    37.4485     -25.293
    16.3039    -8.34658
    15.8651    -9.41372
    16.8429    -9.15125
    14.1125    -5.08183
    13.6799    -6.08049
    14.6622    -5.89831
    12.3882    -9.15188
    11.9614    -10.1984
     12.929    -10.0591
    11.7989    -1.69486
    11.2527    -2.52255
    12.3566     -2.5039
    9.57793     1.51006
    8.95103    0.715018
    10.1266    0.719266
    7.20701    -1.71648
    6.70442    -2.54243
    7.86007     -2.5464
    8.22773    -9.29539
    7.94694    -10.2504
    8.91278    -10.3092
    5.44519    -5.26392
    5.13845    -6.16199
    6.14805    -6.26771
    4.33544    -8.92344
    4.07722    -9.83765
    5.03543    -9.94561
    11.7108     1.78304
    12.1544     2.86943
    11.1826     2.59001
    13.8773    -1.49258
    14.3094   -0.486602
    13.3311   -0.673385
    15.5929     2.62819
    16.0141     3.69744
    15.0603     3.55266
    16.1944    -4.89031
    16.7369     -4.0673
    15.6333    -4.07871
    18.4468    -8.10689
    19.0673    -7.32738
    17.8876    -7.31285
    20.7835    -4.92975
    21.2741    -4.10957
    20.1227    -4.08487
    19.6955     2.75008
    19.9625     3.72064
    19.0125     3.79322
    22.4891    -1.38448
    22.7806   -0.479469
    21.7808   -0.355311
    23.5356     2.31016
    23.7768     3.23405
     22.831     3.36158
   -7.56894     27.3433
   -8.01414     26.2424
   -7.05153     26.5276
    -20.317    -24.6624
   -19.8865    -23.6362
   -20.8488    -23.8311
   -18.5951    -20.4652
   -18.1668    -19.3784
   -19.1094    -19.5339
   -18.0695    -28.1185
   -17.5359    -27.2709
   -18.6124    -27.2917
   -15.8991    -31.4045
   -15.2949    -30.5943
   -16.4368    -30.5921
    -13.614    -28.1031
   -13.1276    -27.2521
    -14.243    -27.2467
   -14.5551    -20.2889
   -14.2755     -19.301
   -15.2106    -19.2427
   -11.8933    -24.4383
    -11.587    -23.5094
   -12.5638    -23.4049
   -10.7778    -20.6612
   -10.5179    -19.7216
   -11.4508     -19.612
   -17.9753     -31.671
   -4.22398    -41.4017
   -18.4017     -32.776
   -4.50281    -40.4547
   -17.4547    -32.4972
   -20.1004    -28.3276
   -20.5236    -29.3534
   -19.5659    -29.1623
   -4.48232    -44.7736
    40.1811    -32.3998
   -3.39981    -45.1811
   -3.54334    -44.2443
   -22.3588    -24.8748
   -22.8969    -25.7185
   -21.8131    -25.6982
   -5.46036     27.6211
   -4.83925     28.4253
   -6.00037     28.4226
    41.1205     21.1137
    40.6286     20.2766
    41.7667     20.2656
    43.8218    -33.3599
    47.3819     -20.917
     44.083    -32.3819
     43.141    -32.3084
    39.4093     17.5129
    39.1168        16.6
    40.1092     16.4816
    38.3619     13.7946
    38.1216     12.8676
    39.0642     12.7409
    1.63911    -12.5791
    2.69555     -13.019
    2.41415    -12.0787
    -1.5146     -14.647
  -0.537272    -15.0717
  -0.725074    -14.1239
    2.49493    -16.3201
    3.53921    -16.7224
    3.38843    -15.8116
   -4.78307    -16.8699
   -3.98543    -17.4061
   -4.00439    -16.3316
   -7.84241    -19.0239
   -7.08762     -19.647
   -7.09204    -18.4902
   -4.79422    -21.3607
   -4.01816    -21.8481
   -3.99052    -20.7171
    2.63174    -20.2674
    3.58891    -20.5063
     3.6584    -19.5896
   -1.43919    -23.0461
  -0.572951    -23.3277
  -0.428553     -22.342
    2.14411     -24.029
    3.05877    -24.2446
    3.20625    -23.3097
   -8.11204    -16.9237
   -9.14945    -16.4723
   -8.87592    -17.4308
   -4.98753    -14.8443
   -5.95934    -14.4133
   -5.77205    -15.3681
   -8.96333    -13.1245
   -9.99399    -12.7007
   -9.83752     -13.627
   -1.72494     -12.633
   -2.52959    -12.0972
   -2.50437    -13.1662
    1.35188    -10.5143
   0.578873    -9.89912
   0.594898    -11.0369
   -1.76717    -8.19025
   -2.55869    -7.69713
   -2.56485    -8.81446
   -9.15758    -9.14014
   -10.1093    -8.87584
   -10.1575    -9.79848
   -5.17271    -6.45477
   -6.04491    -6.15197
   -6.16394    -7.13212
   -5.37394     8.76855
   -5.13083     9.68333
   -6.06582     9.80328
    26.1373     5.96436
    25.0856     6.43279
    25.3806     5.47424
    29.2235      7.9836
    28.2441     8.43249
    28.4497     7.47356
     25.212     9.76707
    24.1701     10.2034
    24.3419     9.27752
    32.4334     10.1452
    31.6247     10.6993
    31.6678     9.62274
    35.4469     12.2291
    34.6739     12.8658
    34.7069     11.7138
    32.3284     14.6303
    31.5372     15.1388
    31.5437     14.0102
    24.9653     13.7545
    24.0083     14.0268
    23.9688     13.1043
    28.9245      16.419
    28.0525     16.7305
    27.9415      15.745
    9.47278     20.3273
    9.22542     19.4113
    10.1616     19.2956
    35.7656     10.1323
    36.8171     9.66338
    36.5216     10.6227
    32.6798     8.11314
    33.6593     7.66425
    33.4536     8.62313
    36.6928     6.32932
    37.7361     5.89263
    37.5635     6.81777
    29.4699     5.95148
    30.2786      5.3973
    30.2355     6.47396
    26.4561      3.8686
    27.2299     3.23155
    27.1964     4.38335
    29.5763     1.46434
    30.3667      0.9551
    30.3599     2.08505
    36.9361     2.34876
    37.8938     2.07918
    37.9357     2.99846
    32.9727   -0.323447
    33.8415   -0.632539
    33.9553    0.353598
    33.5843    -15.5571
    33.3436    -16.4705
    34.2773    -16.5929
    -2.7847     12.4328
   -3.83958     12.9031
   -3.53848     11.9344
   0.301189     14.4861
  -0.689364     14.9495
  -0.473722     13.9678
   -3.75636     16.3179
   -4.81177     16.7612
   -4.62118     15.8044
    3.52041     16.6769
    2.70081      17.249
    2.75207     16.1485
    6.54714     18.7721
    5.77011     19.4183
    5.80352     18.2563
    3.39615     21.2455
    2.58858     21.7869
    2.59996     20.6323
   -4.08253     20.4832
   -5.06031     20.7825
   -5.07985     19.8047
 -0.0993913     23.1964
  -0.999383     23.5508
   -1.09309      22.519
   -3.80149     24.4715
   -4.73764     24.7596
   -4.83151     23.7671
    6.87101     16.6546
    7.92518     16.1853
    7.62563     17.1544
    3.78393     14.5992
     4.7743     14.1359
    4.55894     15.1177
    7.83945     12.7665
    8.89357     12.3218
    8.70319     13.2802
   0.565089     12.4084
    1.38452     11.8359
     1.3332     12.9367
   -2.45836     10.3151
   -1.68175     9.66735
   -1.71609       10.83
   0.688414     7.83654
    1.49443       7.295
    1.48438     8.45083
     8.1704     8.60127
    9.15016     8.30093
    9.16657     9.27704
    4.18108     5.89036
    5.08277     5.53911
    5.17757     6.56886
    7.89749     4.62853
    8.84031     4.34306
    8.93148     5.32895
    5.75947    -26.5016
    6.26333    -25.4367
     5.2798    -25.7647
    24.5253    -21.2588
    23.5263    -20.7698
    7.23985     -28.765
     23.765    -21.7601
    20.4233    -19.3127
    19.3519    -18.8341
    9.20166    -24.5713
    19.5713    -19.7983
    27.6915    -19.1306
    26.8641     -18.543
    26.9348    -19.6452
    30.6797    -17.0822
    29.8971    -16.4272
    29.9444    -17.5877
    27.4984    -14.5722
    26.6801    -14.0205
    26.7086    -15.1677
    19.9849    -15.1562
     18.988    -14.8301
    18.9943     -15.796
    23.9509    -12.5706
    23.0358    -12.2008
    22.9603    -13.2188
    20.1825    -11.2307
    19.2271    -10.9269
    19.1511    -11.8992
     31.027    -19.2045
    32.0797    -19.6877
    31.7713    -18.7131
    27.9902    -21.2181
    28.9822    -21.7008
    28.7515    -20.7112
    32.0395    -23.1249
    33.0862    -23.5867
    32.8855    -22.6176
    5.64705    -29.8371
    5.05158    -30.6653
    25.5883    -22.8392
     6.1608    -30.5883
    3.61825     -26.887
    2.94359    -27.6785
    4.11636    -27.6106
    1.02901    -30.0857
   0.458657    -30.8992
     1.6305    -30.8539
    1.65463    -37.4326
    1.33612    -38.3986
    33.3996    -26.6727
    2.32728    -38.3996
    -1.0355    -33.5804
   -1.41254    -34.4702
  -0.363756    -34.5382
   -2.38888    -37.2312
   -2.69222    -38.1537
    -1.6871    -38.2293
    7.12323      2.8482
    7.42187     1.77201
    8.08949     2.57277
    3.25052     4.05701
     3.3629     2.89134
    4.19349     3.71101
    4.37061   -0.465704
    4.93091    -1.51389
    5.49379   -0.675167
  -0.298455      6.1914
  -0.496155     5.10101
    0.50373     5.58119
   -3.43157     8.88755
   -3.66804     7.95077
   -2.65481     8.20243
   -4.39758     5.13118
   -5.13118    -4.39758
   -4.22799    -4.68661
   -3.60274     4.30792
   -4.30792    -3.60274
    2.51494    -4.47048
    3.33537    -5.27879
    3.61927     -4.3384
   -1.56773    -5.99697
  -0.776687    -6.54655
  -0.582471     -5.4706
     1.5742    -8.42748
    2.35458    -9.08328
    2.60099    -8.14652
    11.7446     4.69065
    10.8619     5.37739
    10.7558     4.37375
     15.704     5.74197
    14.9344      6.6725
    14.7206     5.54488
    12.2148     8.90766
    11.1918     9.45515
    11.1575     8.44074
    19.7887     5.73237
    19.3293     6.81119
    18.8089     5.84401
    23.6895      5.1209
    23.3584     6.10131
     22.728     5.26737
    22.4515     9.01631
    22.2246     9.96313
    21.3767     9.26547
    11.6519     13.3641
    10.5819     13.5867
    10.8341     12.6057
    21.9703     12.9269
    13.1307     17.0327
    22.0327     13.8693
    13.5759     15.9849
    20.9849     13.4241
    10.2591     17.3982
    9.30788     17.5277
    9.64012     16.5454
    16.2973    -11.2112
    17.2001    -11.9033
    17.2937    -10.9178
    12.2789    -12.1858
    13.0701    -13.0879
    13.2817    -12.0017
    15.8902    -15.3236
    16.9465    -15.9016
    16.9562    -14.9044
    8.10136    -12.2133
    8.55745    -13.2535
    9.10224     -12.305
    4.13594    -11.6942
     4.4552    -12.6524
    5.11086    -11.8179
    5.31622    -15.4984
    5.52236     -16.424
    6.40683     -15.709
    9.23076    -21.6121
    8.96306    -22.6951
    17.4074    -19.0449
    9.95512    -22.4074
    5.68691    -19.3436
    5.59045    -20.2806
    6.66731    -19.7983
    5.12061    -23.1491
    4.95824    -24.1007
    5.95767    -23.7374
    20.9326    -9.48458
    20.6158    -8.40904
    19.9567    -9.18988
    24.8525    -10.7811
    24.7147    -9.62761
    23.8957    -10.4142
    23.6329    -6.25547
    23.0553     -5.1853
    22.5081      -6.013
    28.4681    -12.9591
    28.6532    -11.8869
    27.6506    -12.3441
    31.6408     -15.667
    31.8723    -14.7357
    30.8577    -14.9789
    32.5992    -11.9388
    32.9388    -2.40082
    32.0441    -2.10715
     31.794    -11.1256
    32.1256      -3.206
    25.3989    -2.24848
    24.5756    -1.40961
    24.3098    -2.35921
    29.4041   -0.758031
    28.6161   -0.189587
    28.4377    -1.28184
    26.2679     1.75715
    25.4876     2.43639
    25.2582     1.49009
   -7.62196     24.4043
   -6.75067     23.7151
   -6.63902     24.7269
   -18.4442    -17.3146
   -10.8085     22.3836
   -19.1915    -16.3836
     -10.58     23.5234
     -19.42    -17.5234
   -8.12763      20.161
   -7.10701     19.6191
   -7.06645     20.6353
   -14.4118    -17.2684
   -14.8463     -16.185
   -15.3769    -17.1707
   -10.5634    -17.8186
   -10.8721    -16.8361
   -11.5135    -17.6884
   -11.7198    -13.9149
   -11.9302    -12.9656
   -12.7811    -13.6781
   -7.57842     15.7185
    -6.5041     15.4976
    -6.7574     16.4749
    -12.147    -9.99268
   -9.04755     12.0773
   -12.0773    -9.04755
   -9.50087     13.1212
   -13.1212    -9.50087
   -6.17119     11.6978
    -5.2195     11.5653
   -5.55464     12.5467
   -3.03079      26.263
   -3.32697     27.3507
   -3.98887      26.544
   0.823692     25.0278
    0.70575     26.1959
  -0.117412     25.3801
  -0.314553     29.5916
    38.3146     22.4084
    38.8744     21.3379
   -1.42554     29.8158
    39.4255     22.1842
    4.38282     22.8865
    4.57881     23.9725
    3.57693     23.4956
    7.52462     20.2009
    7.76405     21.1372
    6.74693     20.8831
    8.50756      23.952
     28.952     18.4924
    29.8526     18.1961
     7.7089     24.7672
    29.7672     19.2911
    36.5189     18.3539
    37.3347     17.5207
    37.6046     18.4757
    32.5037     16.8482
    33.2922     16.2822
    33.4741     17.3716
    35.6368      14.342
    36.4151     13.6638
    36.6453     14.6119
   -13.5048     -32.799
   -13.8064    -31.6912
   -14.4448    -32.5055
   -2.88946    -32.7299
   -9.87836    -32.9091
   -4.09086    -32.8784
   -10.6537    -33.7337
    -3.2663    -33.6537
    -10.899    -29.4129
   -11.4304    -28.3207
   -11.9686    -29.1866
  -0.609363     -29.167
   -1.70845    -29.0161
   -1.25399     -29.984
    2.20778    -25.9613
    1.27111    -25.7548
    1.49445    -26.7562
   -1.54064    -25.1156
   -2.43572    -24.8533
   -2.39286    -25.9434
   -9.07645    -25.2406
   -9.85369    -24.4108
   -10.1435    -25.3869
   -5.04264    -23.5952
   -5.80998    -23.0499
   -6.03034    -24.1552
   -8.08566    -21.1556
    -8.8418    -20.4893
   -9.09475    -21.4508
   -2.36663    -40.9849
   -1.65922    -40.1142
   -2.68068    -40.0219
    39.8566    -30.3284
    39.0873    -29.3801
   -1.52148    -43.8918
    38.8918    -30.5215
    36.3913    -27.0835
    35.3829    -26.5161
    1.45387    -40.3632
    35.3632    -27.5461
    42.1002     10.3573
    45.3573    -21.1002
    42.5653     9.27096
     44.271    -21.5653
    42.9254    -30.2415
    45.2415    -22.0746
    38.2103     10.9764
    38.5425     9.99398
      39.17     10.8291
     39.456      7.0753
    39.6852     6.12903
    40.5336     6.82271
    35.7925    -22.5616
    34.7363     -22.328
    34.9944    -23.3206
    39.9408     3.17645
    37.2398    -18.8758
    39.8758     2.23983
    37.6831      -19.93
      40.93      2.6831
    34.3862    -18.4935
      33.44    -18.3561
    33.7781    -19.3438
    9.13435    -4.34477
    10.2866    -4.33002
    8.23739     -6.3462
    8.94078    -7.37107
    11.1684    -7.31374
    11.6157    -6.27285
    18.8376     -2.2579
     17.691    -2.26119
    19.7118   -0.246255
    19.0074    0.800571
    16.8023    0.758155
    16.3614   -0.293814
   -15.4704    -25.3966
   -16.5896    -25.4146
   -14.5878    -23.3322
   -15.2623    -22.2785
    -17.427    -22.3502
    -17.871    -23.4241
    43.0261     18.4258
   -24.9739    -27.5742
   -23.8437    -27.5625
    42.1583      16.384
    43.8417     -36.384
    43.1451    -35.3292
    -6.3782    -45.9702
   -22.9702    -30.6218
   -22.5377    -29.5535
   -2.23615    -19.4655
   -2.23959    -18.3468
  -0.295603    -20.3158
   0.725996    -19.6232
   0.683666    -17.4865
  -0.339154    -17.0592
   -4.30398    -10.0328
    -4.2863    -11.1472
   -6.25357    -9.15338
   -7.25685    -9.82763
   -7.18537    -11.9733
   -6.16677    -12.4149
     29.828     12.8052
    29.8609     11.6835
    27.8719     13.7133
    26.8765      13.047
    26.9766     10.8947
    28.0025      10.438
    32.0745     3.29146
     32.042     4.41327
    34.0288     2.38518
     35.025     3.05233
    34.9268     5.20284
    33.9007     5.65918
   0.866657     19.4287
   0.910426     18.2752
   -1.13018     20.3996
   -2.13001     19.7198
   -1.99582     17.4853
  -0.954476     17.0096
    3.21788      9.6558
     3.1744     10.8095
    5.21515     8.68586
     6.2154     9.36514
    6.08026     11.5992
    5.03912     12.0752
    24.9899    -16.3307
    25.0552    -17.4814
    22.9645    -15.3191
    21.9724    -15.9688
    22.1588    -18.1981
    23.2136    -18.7008
    2.81044    -32.5345
    3.97753     -32.464
    1.78824    -34.5265
     2.4598    -35.4968
    30.3209    -24.2776
    29.2825      -23.78
   -2.41572    -1.96601
   -1.96601     2.41572
  -0.804954     2.67314
  -0.316547    -3.06274
   0.810481    -2.63784
    1.78657   -0.166461
    1.38264     1.16577
    19.0259     9.98579
    18.2248     9.12183
    18.7518     12.3396
    14.6604     13.7518
    13.9725      12.751
    14.4999     10.1168
    15.5726     9.21626
    8.80397    -16.3195
    9.65963    -15.4484
    8.98584    -18.6174
    9.96826    -19.2484
    13.5685    -16.3672
    12.4321    -15.4725
    30.2699    -4.88074
    30.1193    -9.26995
    28.9317    -9.51691
    28.2099    -3.74403
     27.113    -4.16292
    26.2166    -6.66865
    26.6619    -8.01007
   -15.0912    -12.9813
   -15.8931    -13.8659
   -15.3367    -10.6066
   -10.6066     15.3367
   -9.91704     16.3224
   -10.4407     18.9244
   -18.5029    -13.8112
   -11.4971     19.8112
    31.6383     20.9454
    6.05463     26.6383
    4.87849     26.3824
    33.7165     19.8202
    34.8229     20.2443
    35.7592      22.758
    2.24083      29.242
    2.65851     27.8935
   -4.36026    -27.6832
   -4.16137     -28.841
   -6.38254      -26.65
   -7.49605    -27.1286
   -8.50286    -29.7627
   -5.82502    -31.0911
   -8.09112     -31.175
     42.898     6.08769
    41.9421    -22.6939
    43.6939     6.94214
    43.1837     3.75216
    38.7522    -22.1837
    38.0731    -23.1958
    38.5963    -25.8799
     39.662     -26.808
    15.2027    -6.70656
    15.7693    -7.54423
     13.252    -7.08077
    12.8118    -8.12697
    13.8905    -9.87654
    14.8986    -9.65665
    10.6755   -0.067725
    11.2458   -0.898194
    8.34725  -0.0755531
    7.74987   -0.910986
     8.9915    -2.54504
    10.1471    -2.53674
    6.83857    -7.26327
    7.54667    -8.29445
    4.86376    -7.06533
    4.58773    -8.01253
    5.98985    -10.0574
    6.98884    -10.1613
    12.7958    0.137623
    12.2365    0.978076
    14.7358    0.524259
    15.1732     1.58513
    14.1108     3.36056
    13.1131     3.12747
    17.3301    -6.52288
    16.7526     -5.6896
    19.6634    -6.55028
    20.2512    -5.72652
    18.9945    -4.06922
    17.8412    -4.06346
    21.0867    0.665054
    20.3767     1.72241
    23.0399    0.432426
    23.2995     1.38941
    21.8898     3.49252
    20.9056     3.61521
   -21.3708    -23.0089
   -8.62921     29.0089
   -8.08306     28.1577
   -19.4596    -22.6061
   -19.0195    -21.5261
   -20.0488    -19.7356
   -9.95122     25.7356
   -8.96359     25.9773
   -16.9735    -29.7846
   -17.5303    -28.9337
   -14.7133    -29.7866
   -14.1378    -28.9307
   -15.3384    -27.2473
   -16.4602    -27.2556
   -13.2243    -22.3808
   -13.9026    -21.3198
   -11.3109    -22.5762
   -11.0325    -21.5991
   -12.3782    -19.4977
   -13.3473    -19.3916
   -19.0414    -29.9896
   -18.4924     -30.848
   -20.9402    -30.3822
   -5.54009    -44.3662
   -21.3662    -31.4599
   -3.73443    -43.3137
   -3.96658    -42.3377
   -6.53975     29.2212
   -22.9007    -24.0648
   -7.09933     30.0648
   -4.24253     29.2251
    41.6538     21.9294
    -3.6538     30.0706
    42.8803     20.2622
   -25.1197    -25.7378
   -23.9833    -25.7322
    40.7964     15.4574
    45.2036    -35.4574
    44.4991    -34.3944
     38.857     15.6817
    38.5975     14.7194
    40.0014     12.6104
    47.4878    -19.9803
    40.9803     12.4878
  0.0562288    -13.6122
    0.86514    -13.0789
   0.445523    -15.4891
    1.47813    -15.9149
    3.19212    -14.9024
    2.95577    -13.9436
   -6.34216    -17.9573
   -5.54773    -17.4048
   -6.33957    -20.2437
   -5.55171    -20.8306
   -3.97639    -19.6114
   -3.97523    -18.4836
   0.576249    -21.6513
    1.61872    -20.9446
   0.307477    -23.5734
    1.23951    -23.8146
    3.35097    -22.3841
    3.48166    -21.4222
   -6.54693    -15.8819
   -7.34759     -16.419
   -6.93483    -13.9862
   -7.95786    -13.5468
    -9.6394    -14.5529
   -9.40472    -15.5297
  -0.159998    -11.5602
  -0.958173    -12.1045
  -0.187047     -9.3073
  -0.993064    -8.72207
    -2.5619    -9.90891
   -2.54939    -11.0271
   -7.14845    -7.79903
   -8.16839    -8.48316
   -6.92902    -5.88261
   -5.88261     6.92902
     -5.615     7.86324
   -6.99214     9.92139
   -10.0256    -7.95623
   -7.95623     10.0256
    27.6847     6.97425
    26.8936     6.45305
    27.2602     8.87594
    26.2276     9.33093
    24.5568     8.35191
    24.8106     7.37529
     33.968     11.1985
    33.1857     10.6638
     33.908     13.4774
    33.1022     14.0817
    31.5604     12.9056
    31.5885     11.7778
    26.9639     15.0827
    25.9499     14.4046
    27.1682     17.0071
     9.9929     22.1682
    9.71892     21.2334
    11.0888     19.1825
    24.0847     14.9466
    12.0534     19.0847
    34.2186     9.12239
    35.0096     9.64358
    34.6433     7.22077
    35.6764     6.76567
    37.3476     7.74325
    37.0929     8.72022
    27.9353     4.89825
    28.7176     5.43287
    27.9965      2.6192
    28.8026     2.01391
     30.343     3.19044
    30.3148     4.31861
    34.9335     1.01829
    35.9491     1.69807
    34.7225   -0.905746
    34.0943    -13.7225
    33.8249    -14.6539
    35.2015    -16.7115
     37.814     1.16274
    36.1627     -16.814
   -1.23921     13.4601
   -2.02986     12.9299
   -1.68432     15.4059
   -2.72867     15.8725
   -4.39054     14.8548
   -4.12376     13.8591
     5.0613     17.7389
    4.27564     17.2004
    4.99794     20.0445
    4.18255     20.6703
    2.62239     19.5034
    2.65724     18.3511
   -2.07743     21.8476
   -3.09567     21.1541
   -1.91087     23.8689
   -2.87238     24.1854
   -4.92478     22.7833
   -5.00287     21.7589
    5.32462     15.6258
    6.11562     16.1566
     5.7689     13.6794
    6.81264     13.2125
    8.47337     14.2313
    8.20789     15.2284
  -0.974797     11.3469
  -0.189768      11.885
  -0.910477     9.03962
 -0.0964534     8.41262
    1.46262     9.58064
    1.42804     10.7335
    6.16395     7.24022
    7.18341     7.93242
    5.99716     5.22443
      6.963     4.91153
    9.02163     6.30737
    9.09614      7.3274
    6.74963    -28.0145
    6.23816    -27.2403
    22.5213    -20.2863
    21.4647    -19.7897
     8.2417      -24.83
    7.23319    -25.1255
    29.2113     -18.094
     28.436    -18.6199
    29.1181    -15.7921
    28.2942    -15.1569
    26.7485    -16.2918
     26.802    -17.4414
    21.9798      -13.86
    20.9662    -14.5202
    22.1085    -11.8666
    21.1294    -11.5331
    19.0774    -12.8634
    19.0219    -13.8691
    29.5043    -20.2139
    30.2827    -19.6934
    29.9764    -22.1759
    31.0175    -22.6614
    32.6462     -21.657
    32.3712    -20.6515
    4.61705    -28.3334
    5.13872    -29.0998
     2.2889    -28.4636
    1.63317    -29.2905
      2.774    -30.8005
    3.93906    -30.7358
   0.302109    -35.4897
   0.989584    -36.4758
   -1.75084    -35.3691
   -2.08634    -36.3163
  -0.690835    -38.3032
   0.346793    -38.3607
    5.14932     3.40801
    6.15946     3.12112
    3.56311     1.74982
     3.9061    0.604133
    6.09971    0.139285
    6.76955    0.974626
   -1.88376     7.52926
   -1.07927     6.83222
   -3.90108     7.01982
   -4.14329     6.04768
   -2.55213     4.45806
   -1.49676     4.72386
   0.405939     -5.0298
    1.45661    -4.68825
-0.00134648    -7.13634
    0.80165    -7.78927
    2.83978    -7.20878
    3.08345    -6.22087
    13.7439     5.29578
    12.7239     4.99317
    14.1139      7.5219
    13.1857     8.28432
    11.0805     7.43167
     10.969     6.37942
    21.7677       5.421
    20.7584     5.58982
    23.0413     7.06746
    22.7218     8.06737
    20.6088     8.53163
    19.9125      7.7004
    13.0295     15.0551
     12.379     14.1629
    12.1903      17.134
    11.2039     17.2688
    9.96275     15.5724
    10.2938     14.5584
    14.2745    -11.7711
     15.308     -11.491
    13.9193    -13.9181
    14.8832    -14.6804
    17.0132    -13.9157
    17.1072    -12.8855
    6.08604    -11.9484
    7.11274    -12.0929
    4.75917     -13.596
    5.06325    -14.5719
    7.21164    -14.9643
    7.94415    -14.1323
    7.58678    -20.3031
    8.45958     -20.915
    5.45451    -21.2185
    5.28367    -22.2043
    6.94713     -23.383
    7.97757    -23.0176
    22.9278    -10.0888
    21.9064    -9.77852
     24.488    -8.49259
    24.1189     -7.3417
    21.9158    -6.81277
    21.2581    -7.63019
    30.0781    -14.3031
    29.2622    -13.6032
    32.1022    -13.8113
    32.3433    -12.8471
    30.7289    -11.2722
    29.6612    -11.5272
    27.4695    -1.71718
    26.4394    -2.04759
    27.8425    0.420727
    27.0402     1.09639
    25.0361    0.542097
    24.8101   -0.457119
   -9.60967     23.7828
   -8.59553     24.0946
    -10.007     21.5361
   -9.09211     20.7784
   -6.98251     21.6482
   -6.86401     22.7062
   -12.4613    -17.5501
   -13.4563    -17.3967
   -11.1683     -15.868
   -11.4675     -14.866
   -13.5526    -14.4283
   -14.2549    -15.2776
   -8.95751     14.0408
   -8.30742     14.9246
   -8.10497     11.9702
   -7.11692     11.8308
    -5.8801      13.518
   -6.21384     14.5293
   -1.06945       25.69
   -2.07387     25.9839
   0.499556     27.3438
   0.151862     28.5028
   -2.02118      28.995
   -2.68182     28.1538
    5.97412     21.5534
    5.16693     22.2478
     8.0007     22.0672
    8.24758     23.0377
    6.64804      24.614
    5.58433     24.3478
    34.4462     17.8088
    35.4787     18.1444
    34.0653     15.6744
    34.8663      15.001
    36.8687     15.5621
    37.0971     16.5644
   -11.5854    -33.4037
   -12.5677    -33.0924
   -10.1043    -31.7252
   -10.4519    -30.5304
   -12.5458    -30.0235
    -13.184    -30.8782
   0.792374    -27.5454
  0.0636659     -28.369
   0.341024    -25.5518
   -0.62888     -25.341
   -2.28131    -26.9939
    -2.0537    -28.0382
   -7.01331    -24.6292
   -8.04672     -25.001
   -6.56066    -22.4595
   -7.33764    -21.8015
   -9.34121    -22.4159
   -9.59382    -23.4356
   -1.76723    -42.9361
   -2.06688    -41.9399
    38.2694     -28.511
    37.3493    -27.7272
    0.42894    -40.3017
  -0.640262    -40.2066
    40.1281     10.6741
    41.1343      10.503
    38.8613     9.02609
    39.1831     8.02479
    41.2996     7.55271
    41.9908     8.38147
    37.1433    -20.8641
     36.504    -21.7603
    36.3055    -18.7703
    35.3254    -18.6297
    34.1063    -20.3237
    34.4428    -21.3464
    12.9095    -3.30947
    13.5649    -4.27172
    10.7276    -3.34573
    12.7086     -6.2452
    8.51446    -3.36658
    6.25655    -3.37644
    5.78839    -4.39117
    7.14781    -6.37421
    11.8587     -8.2471
    8.50376    -8.34878
    9.86853    -10.3267
     11.005    -10.2865
    15.0786    -3.27062
    14.4232    -2.30532
    17.2568    -3.24666
    15.2755   -0.319615
    19.4627     -3.2505
    21.7089    -3.27797
    22.1605    -2.26175
    20.7904   -0.232216
    16.1168     1.70742
    19.4316     1.78943
    18.0729     3.82062
    16.9554     3.78626
   -19.1499    -26.4692
   -19.7862    -25.4878
   -17.0226    -26.4262
   -18.9366    -23.4598
   -14.8737    -26.4022
    -12.692    -26.3909
    -12.233    -25.3414
   -13.5314    -23.2991
   -18.0899    -21.3936
   -14.8305    -21.2676
    -16.136    -19.2287
   -17.2377     -19.278
    -21.273    -26.5189
   -20.6337    -27.5004
   -23.4125    -26.5579
    -21.471    -29.5247
    42.4135     19.4267
    40.1924     19.4305
    39.7392     18.3999
    41.0908     16.3637
   -5.41643     -45.293
    43.5631    -34.3293
     42.211    -32.2797
    41.1079    -32.3124
   -3.22741    -15.7994
   -2.29786    -15.1704
   -3.19152    -17.9189
   -0.36943    -16.0075
   -3.19147     -20.074
   -3.23314    -22.2791
   -2.27264    -22.7246
  -0.292811    -21.3697
    1.60326     -16.824
    1.68999    -20.0255
    3.67933    -18.6881
     3.6355    -17.6203
   -3.28074    -13.6949
   -4.20783    -14.3214
   -3.32974    -11.5821
    -6.1295    -13.4712
   -3.35663    -9.44076
   -3.35723     -7.2565
    -4.3309    -6.79428
   -6.27719    -8.10009
   -8.08847    -12.6279
   -8.22018     -9.4045
   -10.1604    -10.7084
   -10.0999    -11.7893
    30.9044     9.10543
    29.9918     8.49346
    30.8204     11.2313
    28.0571     9.37875
     30.764      13.389
    30.7391     15.5931
     29.766     16.0694
    27.8372     14.7724
    26.0818     10.2515
    25.9074     13.4811
    23.9759     12.1948
    24.0505     11.1144
    30.9989     6.99131
    31.9115     7.60329
    31.0828     4.86538
    33.8463     6.71813
    31.1389     2.70698
    31.1634     0.50055
     32.134   0.0247638
    34.0616     1.32642
    35.8223     5.84558
    35.9939     2.62001
      37.93     3.90523
    37.8559       4.983
    1.98624     15.6245
    1.07116     15.0038
    1.88452     17.8008
  -0.887376     15.9203
    1.81154     20.0123
    1.77032     22.2787
    0.76871     22.8041
   -1.18218      21.504
   -2.88875     16.8216
   -3.12088     20.1849
   -5.05186      18.844
   -4.95191       17.71
    2.09891     13.4606
    3.01394     14.0814
    2.20057     11.2839
     4.9721     13.1648
    2.27286     9.07164
    2.31146     6.80374
    3.31246     6.28022
    5.26715     7.58251
    6.97264     12.2628
    7.20733     8.90013
    9.13611     10.2372
     9.0343     11.3718
    26.1812    -20.1547
    25.2816    -20.7572
    26.0388    -17.9755
    23.3057    -19.7921
    25.9276    -15.7694
      25.85    -13.5174
     24.833     -12.977
      22.89     -14.222
    21.2797    -18.8355
    20.9631    -15.4798
    19.0494    -16.7496
     19.183    -17.8817
    26.3379     -22.329
    27.2347    -21.7237
    4.47694    -31.4882
    29.1958     -22.681
     2.2401    -31.6157
 -0.0613157    -31.7198
  -0.618482    -32.7189
   0.666457    -34.6025
     31.191    -23.6211
    1.97228    -36.4814
     33.355    -25.6985
    33.2382    -24.5485
    1.32621      5.0321
    2.34994     4.46222
  -0.698098     3.98762
    2.50573     2.05228
   -2.79864     3.46982
   -3.46982    -2.79864
   -3.36284    -5.02731
   -2.37181    -5.51508
  -0.393863    -4.36625
    3.20523   -0.258124
    1.68203    -3.65647
    3.95498    -3.42598
    4.44218     -2.3712
    17.8368      5.8953
    16.6783      5.8599
    18.8675     7.90588
    15.1606      7.8435
    20.2758     9.53277
    22.0663     10.8942
    21.9718     11.9981
     14.028      14.922
     19.922      12.972
    13.2941     9.39362
    12.7417     13.1384
    11.0236     11.6279
    11.1583     10.4528
    10.0969    -12.3418
    11.2828    -12.2994
      9.016    -14.3016
    12.8465    -14.2022
    7.52786    -15.9315
    5.65637    -17.3368
    5.71718    -18.4241
    7.76384    -19.3041
    14.7968    -15.7487
     9.5088    -20.5068
    17.1828    -18.0612
    17.0089    -16.8885
    26.8117    -11.7875
    25.7684    -11.2033
    28.8425    -10.7968
    25.5576    -8.82886
     30.975    -10.3008
    31.3008      -4.025
    31.1868    -1.75826
    30.2035     -1.2559
    28.2664     -2.4068
    24.7999    -6.50562
     26.235    -3.09713
    23.9924    -3.27774
    23.5268     -4.3335
   -16.3353     -17.133
   -17.4796    -17.1841
   -15.2825    -15.0856
   -11.0539     21.2006
   -18.9461    -15.2006
   -13.8657    -13.4228
   -12.0742    -12.0318
   -12.1548    -10.9244
    -9.9619     14.1775
   -14.1775     -9.9619
   -9.21466     19.6648
   -8.67476     15.9414
   -6.94654     17.4493
   -7.07828     18.6217
      2.751      24.045
    1.72457     24.6178
    4.77797     25.0794
    1.55266     27.0272
    6.89826     25.5964
    30.5964     20.1017
    30.7148     17.8461
    31.7023     17.3444
    33.6507     18.4922
   0.838786     29.3648
    37.1612     22.6352
    35.6907     19.1935
    37.9268     19.4019
    38.3982     20.4709
   -1.83854    -30.8157
    -2.4506    -31.8397
    -2.8308    -28.8693
   -9.09231    -32.0638
   -4.93625    -32.0923
   -3.26414    -26.7877
   -3.28863    -24.5351
   -4.25953    -24.0671
    -6.2518    -25.2959
   -9.80241    -29.6423
   -8.29484     -26.077
   -10.4802    -26.3356
   -10.9587     -27.432
     41.961    -30.1855
    40.8157     -30.215
    43.0361     8.16839
    43.1684    -22.0361
    39.2902    -28.1954
    41.6388     6.55005
    39.8452     5.19995
    39.9404     4.10027
    38.1308    -21.0013
    42.0013     3.13082
     37.438    -26.6015
    36.8655    -22.7972
    35.1911    -24.3114
    35.3371    -25.5034
    17.8152    -8.87631
    17.3757    -9.94613
    16.7308     -7.2972
    15.4236    -10.4885
    15.6396    -5.70305
    14.5432     -4.0958
    13.4759    -10.9514
    11.5339    -11.2519
    13.4462    -2.48273
    12.3563   -0.875374
    11.2784     0.71869
    10.2145     2.29683
     9.0369     2.29023
    7.76412     0.71042
    6.56989   -0.888202
    5.53882    -2.53585
    9.59524    -11.3236
    7.65771    -11.1935
    4.73796    -4.26318
    4.13718     -6.0677
    5.72638    -10.9658
    3.63242    -7.90885
    3.13283    -9.73849
    3.81476    -10.7374
    10.6627     3.38664
    12.6003     3.96821
    14.5244     4.46292
    16.4338     4.77867
         19    -8.89061
    20.2574    -7.34521
    21.4304    -5.77347
    22.4341    -4.14063
    18.3347     4.84053
     20.236     4.67998
    23.2035    -2.41186
    23.7716   -0.593186
    22.1361     4.41255
    24.2436     1.26721
    24.7096      3.1156
    24.0216     4.14271
   -6.09255     26.8252
   -6.54123     25.7233
     -7.137     28.4228
   -8.46377     25.1299
   -8.19189     30.0398
   -21.8081    -24.0398
   -20.7444    -25.6734
   -10.3721     24.6179
   -19.6279    -18.6179
   -17.7378      -18.28
    -19.677     -27.316
   -18.6134    -28.9561
   -17.5584    -30.5865
    -16.513    -32.2045
   -15.3674    -32.2071
   -14.1457    -30.5978
   -13.0006    -28.9598
   -12.0069    -27.2602
   -15.8617    -18.1927
   -13.9887    -18.3254
   -11.2217    -25.4704
   -10.6183    -23.6013
   -12.1164    -18.5626
    -10.104    -21.7011
   -9.59644    -19.8213
   -10.2549     -18.799
   -3.68636    -39.9408
   -16.9408    -33.3136
   -3.10832    -41.8289
   -2.61754    -43.7104
    40.5857     -31.307
   -4.92696     26.8313
   -3.66603     28.4261
   -2.48913     30.0405
    40.4891     21.9595
    39.4802     20.2925
    42.4632    -31.2511
    41.6497     11.4166
    46.4166    -20.6497
    38.7048     18.5404
    38.1319     16.7075
    39.7581     11.6864
    37.6574     14.8386
    37.1912     12.9849
    37.8779     11.9565
    2.11908    -11.1395
    3.17866    -11.5877
    0.60536    -12.1507
    3.76487    -13.4616
  -0.927846    -13.1791
   -2.47631    -14.2219
    4.26583    -15.3047
    4.59779    -17.1165
   -4.02955    -15.2722
    -5.5726    -16.3204
   -7.09475    -17.3599
   -8.59144    -18.3881
    -8.5795    -19.5517
   -7.08581    -20.8178
   -5.58971    -21.9904
   -4.05911    -22.9901
    4.68553    -18.9198
    4.54187    -20.7452
   -2.44277    -23.7548
  -0.715974    -24.3092
    4.26707    -22.5985
    1.08899    -24.7509
    2.91487    -25.1709
    3.96471    -24.4606
    -9.6278    -17.9299
   -10.1971    -16.0141
   -10.6933    -14.1295
   -11.0367    -12.2804
    2.09712     -9.9992
   0.561513    -8.74999
  -0.976066    -7.58214
   -2.54394    -6.57106
   -11.1544    -10.4497
   -8.60921     11.0562
   -11.0562    -8.60921
   -4.18773     -5.7763
   -5.17639     5.92963
   -5.92963    -5.17639
   -6.75036     10.8354
   -4.68076     7.74012
   -4.20452     9.56709
   -4.88721     10.5893
     25.688     4.51679
    24.6348     4.99267
    27.1674     5.50983
    24.0226     6.90643
    28.6688     6.51725
    30.1882     7.53638
    23.4892      8.7888
    23.1151      10.635
    31.7151     8.56035
    33.2345     9.57943
    34.7357      10.587
    36.2142      11.581
    36.1746     12.7382
     34.641     14.0303
    33.1057     15.2353
    31.5407     16.2772
    22.9738     12.4625
    12.6997     18.0555
    23.0555     14.3003
    29.9001     17.0955
    9.28814     23.1609
    28.1609     17.7119
     10.842     18.2653
    8.78141     21.3516
    8.29765     19.5241
    8.97836     18.5038
    37.2664     11.1048
    37.8801      9.1886
    38.4165     7.30498
    38.7933     5.46043
    25.7279     3.36062
    27.2639     2.06697
    28.8005    0.859015
    30.3638   -0.185499
    38.9343     3.63847
    36.8091    -17.8479
    38.8479     1.80912
    31.9989    -1.00358
    33.3848    -12.7297
    33.7297    -1.61521
    34.9604    -17.6286
    32.8876      -14.53
    32.4179    -16.3499
    33.1043     -17.376
   -3.22789     10.9696
    -4.2799     11.4451
   -1.74925     11.9712
   -4.90378     13.3722
  -0.245806     12.9905
    1.27712     14.0234
   -5.46478     15.2873
   -5.88284     17.1974
    2.80806     15.0618
    4.33132     16.0951
    5.83573     17.1153
    7.31651      18.119
    7.27856     19.2796
    5.74027     20.5882
    4.18786     21.8369
    2.58778     22.9541
   -6.07397      19.125
   -6.03472     21.0859
   0.892368     23.8692
  -0.911508     24.5824
   -5.86102     23.0682
   -2.77873     25.1762
   -4.64912     25.7424
    -5.6618     25.0484
    8.36829     17.6456
    8.98794      15.717
    9.54549      13.798
     9.9628     11.8832
    -3.1879     9.80884
   -1.65113     8.49603
  -0.102557     7.24389
    1.49287     6.12592
     10.158     9.95334
    10.1272     7.99565
    3.18602     5.21485
    4.99304     4.51018
    9.96333      6.0224
     6.8693     3.92613
    8.75388     3.36818
    9.77234     4.05643
    4.29945    -26.1019
    4.80902    -25.0403
     5.2662    -27.5458
    6.76829    -24.3614
    6.25226     -29.016
     25.508    -21.7457
    8.71258    -23.7422
    18.2621    -18.3582
    27.0108    -20.7354
    28.5089    -19.7274
    29.9912    -18.7292
    31.4534    -17.7441
    31.4038    -16.5839
    29.8541    -15.2608
    28.2849    -13.9974
    26.6626    -12.8634
    18.0087    -16.4327
     17.992    -14.4991
    24.9403    -11.9261
    23.1064    -11.1843
    18.1199    -12.5589
    21.2063    -10.5593
    19.2996    -9.96428
    18.2826     -10.624
    32.5048    -18.2292
     33.139    -20.1692
    33.7112     -22.105
    34.1453     -24.042
    3.12899     -26.176
    1.76116     -27.745
   0.450912    -29.3227
  -0.729108    -30.9373
    34.3627    -25.9987
    1.01352    -39.3606
   -1.70251    -32.6283
    -11.408    -34.5369
   -2.46309     -34.408
  -0.992582    -39.2278
   -13.2422     -33.907
   -3.09296    -36.2422
   -15.0815    -33.3125
   -3.68745    -38.0815
   -2.99488    -39.0657
