 669  670  671
 672  673  674
 675  676  677
 681  683  685
 686  687  688
 689  690  691
 692  693  694
 695  696  697
 698  699  700
 701  702  703
 704  705  706
 707  709  710
 711  712  714
 716  717  718
 719  720  721
 722  723  725
 727  729  730
 731  733  735
 736  737  738
 740  741  743
 744  745  746
 747  748  749
 750  751  752
 753  754  755
 756  757  758
 759  760  761
 762  764  766
 767  768  769
 770  771  772
 774  776  777
 780  782  784
 786  788  791
 792  793  794
 795  796  797
 798  799  800
 801  802  803
 804  805  806
 808  810  811
 812  813  814
 815  816  817
 819  821  822
 823  824  825
 826  827  828
 830  832  833
 834  835  836
 837  838  839
 840  841  842
 843  844  845
 846  847  848
 849  850  851
 853  854  855
 856  857  858
 859  860  861
 862  863  864
 865  866  867
 868  869  870
 871  872  873
 874  875  876
 877  878  879
 880  881  882
 883  884  885
 886  887  888
 889  890  891
 892  893  894
 895  896  897
 898  899  900
 901  902  903
 904  905  906
 907  908  909
 910  911  912
 913  914  915
 916  917  918
 919  920  921
 922  923  924
 925  926  927
 928  929  930
 931  932  933
 935  936  937
 938  939  940
 941  942  943
 944  945  946
 947  948  949
 950  951  952
 953  954  955
 956  957  958
 959  960  961
 962  963  964
 965  966  967
 968  969  970
 971  972  973
 974  975  976
 977  978  980
 981  982  983
 984  985  986
 987  988  989
 990  991  992
 993  994  995
 996  997  998
 999 1000 1001
1002 1003 1004
1005 1006 1007
1008 1009 1010
1011 1012 1013
1014 1015 1016
1017 1018 1019
1020 1021 1022
1023 1024 1025
1026 1027 1028
1029 1030 1031
1032 1033 1034
1035 1036 1037
1038 1039 1040
1041 1042 1043
1045 1046 1047
1048 1049 1050
1052 1053 1054
1055 1056 1057
1058 1059 1060
1061 1062 1063
1064 1065 1066
1067 1068 1069
1070 1071 1072
1073 1074 1075
1076 1077 1078
1080 1081 1082
1083 1084 1085
1086 1087 1088
1089 1090 1091
1092 1093 1094
1095 1096 1097
1098 1099 1100
1101 1102 1103
1104 1105 1106
1107 1108 1109
1110 1111 1112
1113 1114 1115
1116 1117 1118
1120 1121 1122
1123 1124 1125
1126 1127 1128
1129 1130 1131
1132 1133 1134
1135 1136 1137
1138 1139 1140
1141 1142 1143
1144 1145 1146
1147 1148 1149
1150 1151 1152
1153 1154 1155
1156 1157 1158
1159 1160 1161
1162 1163 1164
1165 1166 1167
1168 1169 1170
1171 1172 1173
1174 1175 1176
1177 1178 1179
1180 1181 1182
1183 1184 1185
1186 1187 1188
1189 1190 1191
1192 1193 1194
1195 1196 1197
1198 1199 1200
1201 1202 1203
1204 1205 1206
1207 1208 1209
1210 1212 1214
1215 1216 1217
1218 1220 1221
1222 1223 1224
1225 1226 1227
1228 1229 1230
1231 1233 1234
1235 1236 1237
1238 1239 1240
1241 1242 1243
1244 1245 1246
1247 1248 1249
1250 1251 1252
1253 1254 1255
1256 1257 1258
1259 1260 1261
1262 1263 1264
1265 1266 1267
1268 1269 1270
1271 1272 1273
1274 1275 1276
1277 1278 1279
1280 1281 1282
1283 1284 1285
1286 1287 1288
1289 1290 1291
1292 1293 1294
1295 1296 1297
1298 1299 1300
1301 1302 1303
1304 1305 1306
1307 1308 1309
1310 1311 1312
1313 1314 1315
1316 1317 1318
1319 1320 1321
1322 1323 1324
1325 1326 1327
1328 1329 1330
1331 1332 1333
1334 1335 1336
1337 1338 1339
1340 1341 1342
1343 1344 1345
1346 1347 1348
1349 1350 1351
1352 1353 1354
1355 1356 1357
1358 1359 1360
1361 1362 1363
1364 1365 1366
1367 1368 1369
1370 1371 1372
1373 1374 1375
1376 1377 1378
1379 1380 1381
1382 1383 1384
1385 1386 1387
1388 1389 1390
1391 1392 1393
1394 1395 1396
1397 1398 1399
1400 1401 1402
1403 1404 1405
1406 1407 1409
1410 1411 1413
1414 1415 1416
1417 1418 1419
1420 1421 1422
1423 1424 1425
1426 1427 1428
1429 1430 1431
1432 1433 1434
1435 1436 1437
1438 1439 1440
1441 1442 1444
1445 1446 1447
1448 1449 1450
1451 1452 1454
1455 1456 1457
1458 1459 1460
1461 1462 1463
1464 1465 1466
1467 1468 1469
1470 1471 1472
1473 1474 1475
1477 1478 1480
1481 1482 1483
1484 1485 1486
1487 1488 1489
1490 1491 1492
1493 1494 1495
1496 1497 1498
1499 1500 1501
1502 1503 1504
1505 1506 1507
1508 1509 1510
1511 1513 1515
1516 1517 1518
1519 1520 1521
1522 1523 1524
1525 1526 1527
1528 1529 1530
1531 1532 1533
1534 1535 1536
1537 1538 1540
1541 1542 1543
1544 1545 1546
1547 1548 1549
1550 1551 1552
1553 1554 1555
1556 1557 1558
1559 1560 1561
1563 1564 1566
1567 1568 1569
1570 1571 1572
1573 1574 1575
1576 1577 1578
1579 1581 1583
1584 1585 1586
1587 1588 1589
1590 1591 1592
1593 1594 1595
1596 1597 1598
1599 1601 1603
1604 1605 1606
1607 1608 1609
1610 1611 1612
1614 1615 1617
1618 1619 1620
1621 1622 1623
1625 1626 1628
1629 1630 1631
1632 1633 1634
1635 1636 1637
1638 1639 1640
1641 1643 1645
1646 1647 1648
1649 1650 1651
1652 1653 1654
1655 1656 1657
1658 1659 1660
1661 1662 1663
1664 1665 1666
1667 1668 1669
1670 1671 1673
1674 1675 1677
1679 1681 1683
1684 1685 1686
1687 1688 1689
1690 1691 1692
1693 1695 1697
1698 1699 1700
1701  671 1702
1703 1704  669
 670 1705 1706
1707  674 1708
1709 1710  672
 673 1711 1712
1713  677 1714
1715 1716  675
 676 1717 1718
1720  685 1721
1723 1724  679
 683 1726 1727
1728  688 1729
1730 1731  686
 687 1732 1733
1734  691 1735
1736 1737  689
 690 1738 1739
1740  694 1741
1742 1743  692
 693 1744 1745
1746  697 1747
1748 1749  695
 696 1750 1751
1752  700 1753
1754 1755  698
 699 1756 1757
1758  703 1759
1760 1761  701
 702 1762 1763
1764  706 1765
1766 1767  704
 705 1768 1769
1770  710 1771
1772 1773  707
 708 1774 1775
1777  713 1778
1779 1780  711
 712 1781 1782
1783  718 1784
1786 1787  715
 717 1788 1789
1790  721 1791
1792 1793  719
 720 1794 1795
1797  724 1798
1799 1800  722
 723 1801 1802
1803  730 1804
1806 1807  726
 728 1808 1810
1812  734 1813
1814 1815  731
 732 1817 1818
1819  738 1820
1821 1822  736
 737 1823 1825
1826  742 1828
1830 1831  740
 741 1832 1833
1834  746 1835
1836 1837  744
 745 1838 1839
1840  749 1841
1842 1843  747
 748 1844 1845
1846  752 1847
1848 1849  750
 751 1850 1851
1852  755 1853
1854 1855  753
 754 1856 1857
1858  758 1859
1860 1861  756
 757 1862 1863
1864  761 1865
1866 1867  759
 760 1868 1869
1871  765 1872
1873 1874  762
 763 1876 1877
1878  769 1879
1880 1881  767
 768 1882 1883
1884  772 1885
1886 1887  770
 771 1888 1889
1890  777 1891
1892 1894  774
 775 1895 1896
1897  783 1899
1900 1902  779
 782 1904 1905
1907  790 1908
1909 1910  785
 787 1911 1913
1914  794 1915
1916 1917  792
 793 1918 1919
1920  797 1921
1922 1923  795
 796 1924 1925
1926  800 1927
1928 1929  798
 799 1930 1931
1932  803 1933
1934 1935  801
 802 1936 1937
1938  806 1939
1940 1941  804
 805 1942 1943
1944  811 1945
1947 1948  807
 809 1949 1951
1952  814 1953
1954 1955  812
 813 1956 1957
1958  817 1959
1960 1961  815
 816 1962 1963
1964  822 1965
1967 1968  818
 820 1969 1971
1972  825 1973
1974 1975  823
 824 1976 1977
1978  828 1979
1980 1981  826
 827 1982 1983
1984  833 1985
1987 1988  829
 831 1989 1991
1992  836 1993
1994 1995  834
 835 1996 1997
1998  839 1999
2000 2001  837
 838 2002 2003
2004  842 2005
2006 2007  840
 841 2008 2009
2010  845 2011
2012 2013  843
 844 2014 2015
2016  848 2017
2018 2019  846
 847 2020 2021
2022  851 2023
2024 2025  849
 850 2026 2027
2028  855 2029
2030 2031  852
 854 2032 2033
2034  858 2035
2036 2037  856
 857 2038 2039
2040  861 2041
2042 2043  859
 860 2044 2045
2046  864 2047
2048 2049  862
 863 2050 2051
2052  867 2053
2054 2055  865
 866 2056 2057
2058  870 2059
2060 2061  868
 869 2062 2063
2064  873 2065
2066 2067  871
 872 2068 2069
2070  876 2071
2072 2073  874
 875 2074 2075
2076  879 2077
2078 2079  877
 878 2080 2081
2082  882 2083
2084 2085  880
 881 2086 2087
2088  885 2089
2090 2091  883
 884 2092 2093
2094  888 2095
2096 2097  886
 887 2098 2099
2100  891 2101
2102 2103  889
 890 2104 2105
2106  894 2107
2108 2109  892
 893 2110 2111
2112  897 2113
2114 2115  895
 896 2116 2117
2118  900 2119
2120 2121  898
 899 2122 2123
2124  903 2125
2126 2127  901
 902 2128 2129
2130  906 2131
2132 2133  904
 905 2134 2135
2136  909 2137
2138 2139  907
 908 2140 2141
2142  912 2143
2144 2145  910
 911 2146 2147
2148  915 2149
2150 2151  913
 914 2152 2153
2154  918 2155
2156 2157  916
 917 2158 2159
2160  921 2161
2162 2163  919
 920 2164 2165
2166  924 2167
2168 2169  922
 923 2170 2171
2172  927 2173
2174 2175  925
 926 2176 2177
2178  930 2179
2180 2181  928
 929 2182 2183
2184  933 2185
2186 2187  931
 932 2188 2189
2190  937 2191
2192 2193  934
 936 2194 2195
2196  940 2197
2198 2199  938
 939 2200 2201
2202  943 2203
2204 2205  941
 942 2206 2207
2208  946 2209
2210 1702  944
 945 1706 2211
2212  949 1701
2213 2214  947
 948 2215 1703
1705  952 2216
1704 2217  950
 951 2218 2219
2220  955 2221
2222 1708  953
 954 1712 2223
2224  958 1707
2225 2226  956
 957 2227 1709
1711  961 2228
1710 2229  959
 960 2230 2231
2232  964 2233
2234 1714  962
 963 1718 2235
2236  967 1713
2237 2238  965
 966 2239 1715
1717  970 2240
1716 2241  968
 969 2242 2243
2244  973 2245
2246 1721  971
 972 1727 2247
2248  976 1719
2249 2250  974
 975 2251 1722
1725  979 2252
1724 2253  977
 978 2254 2255
2256  983 2257
2258 1729  981
 982 1733 2259
2260  986 1728
2261 2262  984
 985 2263 1730
1732  989 2264
1731 2265  987
 988 2266 2267
2268  992 2269
2270 1735  990
 991 1739 2271
2272  995 1734
2273 2274  993
 994 2275 1736
1738  998 2276
1737 2277  996
 997 2278 2279
2280 1001 2281
2282 1741  999
1000 1745 2283
2284 1004 1740
2285 2286 1002
1003 2287 1742
1744 1007 2288
1743 2289 1005
1006 2290 2291
2292 1010 2293
2294 1747 1008
1009 1751 2295
2296 1013 1746
2297 2298 1011
1012 2299 1748
1750 1016 2300
1749 2301 1014
1015 2302 2303
2304 1019 2305
2306 1753 1017
1018 1757 2307
2308 1022 1752
2309 2310 1020
1021 2311 1754
1756 1025 2312
1755 2313 1023
1024 2314 2315
2316 1028 2317
2318 1759 1026
1027 1763 2319
2320 1031 1758
2321 2322 1029
1030 2323 1760
1762 1034 2324
1761 2325 1032
1033 2326 2327
2328 1037 2329
2330 1765 1035
1036 1769 2331
2332 1040 1764
2333 2334 1038
1039 2335 1766
1768 1043 2336
1767 2337 1041
1042 2338 2339
2340 1047 2341
2342 1771 1044
1046 1775 2343
2344 1050 1770
2345 2346 1048
1049 2347 1772
1774 1054 2348
1773 2349 1051
1053 2350 2351
2352 1057 2353
2354 1778 1055
1056 1782 2355
2357 1060 1776
2358 2359 1058
1059 2360 1779
1781 1063 2361
1780 2362 1061
1062 2363 2364
2365 1066 2366
2367 1784 1064
1065 1789 2368
2369 1069 1783
2370 2371 1067
1068 2373 1785
1788 1072 2374
1787 2375 1070
1071 2376 2377
2378 1075 2379
2380 1791 1073
1074 1795 2381
2382 1078 1790
2383 2384 1076
1077 2385 1792
1794 1082 2386
1793 2387 1079
1081 2388 2389
2390 1085 2391
2392 1798 1083
1084 1802 2393
2395 1088 1796
2396 2397 1086
1087 2398 1799
1801 1091 2399
1800 2400 1089
1090 2401 2402
2403 1094 2404
2405 1804 1092
1093 1809 2407
2408 1097 1803
2409 2410 1095
1096 2412 1805
1808 1100 2413
1807 2414 1098
1099 2415 2416
2417 1103 2418
2419 1813 1101
1102 1818 2420
2422 1106 1811
2423 2424 1104
1105 2425 1814
1816 1109 2427
1815 2428 1107
1108 2429 2430
2431 1112 2432
2433 1820 1110
1111 1824 2435
2436 1115 1819
2437 2438 1113
1114 2439 1821
1823 1118 2440
1822 2441 1116
1117 2442 2443
2444 1122 2445
2447 1827 1119
1121 1833 2448
2449 1125 1826
2450 2451 1123
1124 2453 1829
1832 1128 2454
1831 2455 1126
1127 2456 2457
2458 1131 2459
2460 1835 1129
1130 1839 2461
2462 1134 1834
2463 2209 1132
1133 2211 1836
1838 1137 2464
1837 2216 1135
1136 2219 2465
2466 1140 2208
2467 1841 1138
1139 1845 2210
2468 1143 1840
2469 2470 1141
1142 2471 1842
1844 1146 2212
1843 2472 1144
1145 2473 2213
2218 1149 2474
2217 1847 1147
1148 1851 2475
2215 1152 1846
2214 2476 1150
1151 2477 1848
1850 1155 2478
1849 2479 1153
1154 2480 2481
2469 1158 2482
2468 1853 1156
1157 1857 2483
2467 1161 1852
2466 2221 1159
1160 2223 1854
1856 1164 2484
1855 2228 1162
1163 2231 2485
2463 1167 2220
2462 1859 1165
1166 1863 2222
2460 1170 1858
2458 2486 1168
1169 2487 1860
1862 1173 2224
1861 2488 1171
1172 2489 2225
2230 1176 2490
2229 1865 1174
1175 1869 2491
2227 1179 1864
2226 2492 1177
1178 2493 1866
1868 1182 2494
1867 2495 1180
1181 2496 2497
2498 1185 2499
2500 1872 1183
1184 1877 2501
2503 1188 1870
2504 2233 1186
1187 2235 1873
1875 1191 2506
1874 2240 1189
1190 2243 2507
2508 1194 2232
2509 1879 1192
1193 1883 2234
2510 1197 1878
2511 2512 1195
1196 2513 1880
1882 1200 2236
1881 2514 1198
1199 2515 2237
2242 1203 2516
2241 1885 1201
1202 1889 2517
2239 1206 1884
2238 2518 1204
1205 2519 1886
1888 1209 2520
1887 2521 1207
1208 2522 2523
2511 1214 2525
2510 1891 1210
1211 1896 2526
2509 1217 1890
2508 2245 1215
1216 2247 1892
1895 1221 2527
1893 2252 1218
1219 2255 2528
2504 1224 2244
2503 1898 1222
1223 1905 2246
2500 1227 1897
2498 2529 1225
1226 2530 1900
1903 1230 2248
1901 2532 1228
1229 2533 2249
2254 1234 2534
2253 1908 1231
1232 1912 2536
2251 1237 1906
2250 2537 1235
1236 2538 1909
1911 1240 2539
1910 2540 1238
1239 2541 2542
2543 1243 2544
2545 1915 1241
1242 1919 2546
2547 1246 1914
2548 2257 1244
1245 2259 1916
1918 1249 2549
1917 2264 1247
1248 2267 2550
2551 1252 2256
2552 1921 1250
1251 1925 2258
2553 1255 1920
2554 2555 1253
1254 2556 1922
1924 1258 2260
1923 2557 1256
1257 2558 2261
2266 1261 2559
2265 1927 1259
1260 1931 2560
2263 1264 1926
2262 2561 1262
1263 2562 1928
1930 1267 2563
1929 2564 1265
1266 2565 2566
2554 1270 2567
2553 1933 1268
1269 1937 2568
2552 1273 1932
2551 2269 1271
1272 2271 1934
1936 1276 2569
1935 2276 1274
1275 2279 2570
2548 1279 2268
2547 1939 1277
1278 1943 2270
2545 1282 1938
2543 2571 1280
1281 2572 1940
1942 1285 2272
1941 2573 1283
1284 2574 2273
2278 1288 2575
2277 1945 1286
1287 1950 2577
2275 1291 1944
2274 2578 1289
1290 2580 1946
1949 1294 2581
1948 2582 1292
1293 2583 2584
2585 1297 2586
2587 1953 1295
1296 1957 2588
2589 1300 1952
2590 2281 1298
1299 2283 1954
1956 1303 2591
1955 2288 1301
1302 2291 2592
2593 1306 2280
2594 1959 1304
1305 1963 2282
2595 1309 1958
2596 2597 1307
1308 2598 1960
1962 1312 2284
1961 2599 1310
1311 2600 2285
2290 1315 2601
2289 1965 1313
1314 1970 2603
2287 1318 1964
2286 2604 1316
1317 2606 1966
1969 1321 2607
1968 2608 1319
1320 2609 2610
2596 1324 2611
2595 1973 1322
1323 1977 2612
2594 1327 1972
2593 2293 1325
1326 2295 1974
1976 1330 2613
1975 2300 1328
1329 2303 2614
2590 1333 2292
2589 1979 1331
1332 1983 2294
2587 1336 1978
2585 2615 1334
1335 2616 1980
1982 1339 2296
1981 2617 1337
1338 2618 2297
2302 1342 2619
2301 1985 1340
1341 1990 2621
2299 1345 1984
2298 2622 1343
1344 2624 1986
1989 1348 2625
1988 2626 1346
1347 2627 2628
2629 1351 2630
2631 1993 1349
1350 1997 2632
2633 1354 1992
2634 2305 1352
1353 2307 1994
1996 1357 2635
1995 2312 1355
1356 2315 2636
2637 1360 2304
2638 1999 1358
1359 2003 2306
2639 1363 1998
2640 2641 1361
1362 2642 2000
2002 1366 2308
2001 2643 1364
1365 2644 2309
2314 1369 2645
2313 2005 1367
1368 2009 2646
2311 1372 2004
2310 2647 1370
1371 2648 2006
2008 1375 2649
2007 2650 1373
1374 2651 2652
2640 1378 2653
2639 2011 1376
1377 2015 2654
2638 1381 2010
2637 2317 1379
1380 2319 2012
2014 1384 2655
2013 2324 1382
1383 2327 2656
2634 1387 2316
2633 2017 1385
1386 2021 2318
2631 1390 2016
2629 2657 1388
1389 2658 2018
2020 1393 2320
2019 2659 1391
1392 2660 2321
2326 1396 2661
2325 2023 1394
1395 2027 2662
2323 1399 2022
2322 2663 1397
1398 2664 2024
2026 1402 2665
2025 2666 1400
1401 2667 2668
2669 1405 2670
2671 2029 1403
1404 2033 2672
2673 1408 2028
2674 2329 1406
1407 2331 2030
2032 1412 2675
2031 2336 1410
1411 2339 2676
2677 1416 2328
2678 2035 1414
1415 2039 2330
2679 1419 2034
2680 2681 1417
1418 2682 2036
2038 1422 2332
2037 2683 1420
1421 2684 2333
2338 1425 2685
2337 2041 1423
1424 2045 2686
2335 1428 2040
2334 2687 1426
1427 2688 2042
2044 1431 2689
2043 2690 1429
1430 2691 2692
2680 1434 2693
2679 2047 1432
1433 2051 2694
2678 1437 2046
2677 2341 1435
1436 2343 2048
2050 1440 2695
2049 2348 1438
1439 2351 2696
2674 1443 2340
2673 2053 1441
1442 2057 2342
2671 1447 2052
2669 2697 1445
1446 2698 2054
2056 1450 2344
2055 2699 1448
1449 2700 2345
2350 1453 2701
2349 2059 1451
1452 2063 2702
2347 1457 2058
2346 2703 1455
1456 2705 2060
2062 1460 2706
2061 2708 1458
1459 2710 2711
2667 1463 2470
2666 2065 1461
1462 2069 2471
2664 1466 2064
2663 2353 1464
1465 2355 2066
2068 1469 2472
2067 2361 1467
1468 2364 2473
2660 1472 2352
2659 2071 1470
1471 2075 2354
2658 1475 2070
2657 2583 1473
1474 2582 2072
2074 1479 2356
2073 2579 1476
1478 2578 2358
2363 1483 2476
2362 2077 1481
1482 2081 2477
2360 1486 2076
2359 2574 1484
1485 2573 2078
2080 1489 2479
2079 2572 1487
1488 2571 2480
2482 1492 2668
2483 2083 1490
1491 2087 2665
2484 1495 2082
2485 2366 1493
1494 2368 2084
2086 1498 2662
2085 2374 1496
1497 2377 2661
2490 1501 2365
2491 2089 1499
1500 2093 2367
2494 1504 2088
2497 2586 1502
1503 2588 2090
2092 1507 2369
2091 2591 1505
1506 2592 2370
2376 1510 2656
2375 2095 1508
1509 2099 2655
2372 1514 2094
2371 2601 1511
1512 2602 2096
2098 1518 2654
2097 2607 1516
1517 2610 2653
2459 1521 2692
2461 2101 1519
1520 2105 2689
2464 1524 2100
2465 2379 1522
1523 2381 2102
2104 1527 2686
2103 2386 1525
1526 2389 2685
2474 1530 2378
2475 2107 1528
1529 2111 2380
2478 1533 2106
2481 2544 1531
1532 2546 2108
2110 1536 2382
2109 2549 1534
1535 2550 2383
2388 1539 2676
2387 2113 1537
1538 2117 2675
2385 1543 2112
2384 2559 1541
1542 2560 2114
2116 1546 2672
2115 2563 1544
1545 2566 2670
2691 1549 2486
2690 2119 1547
1548 2123 2487
2688 1552 2118
2687 2391 1550
1551 2393 2120
2122 1555 2488
2121 2399 1553
1554 2402 2489
2684 1558 2390
2683 2125 1556
1557 2129 2392
2682 1561 2124
2681 2627 1559
1560 2626 2126
2128 1565 2394
2127 2623 1562
1564 2622 2396
2401 1569 2492
2400 2131 1567
1568 2135 2493
2398 1572 2130
2397 2618 1570
1571 2617 2132
2134 1575 2495
2133 2616 1573
1574 2615 2496
2499 1578 2652
2501 2137 1576
1577 2141 2649
2505 1582 2136
2507 2404 1579
1580 2406 2138
2140 1586 2646
2139 2413 1584
1585 2416 2645
2516 1589 2403
2517 2143 1587
1588 2147 2405
2520 1592 2142
2523 2567 1590
1591 2568 2144
2146 1595 2408
2145 2569 1593
1594 2570 2409
2415 1598 2636
2414 2149 1596
1597 2153 2635
2411 1602 2148
2410 2575 1599
1600 2576 2150
2152 1606 2632
2151 2581 1604
1605 2584 2630
2651 1609 2529
2650 2155 1607
1608 2159 2530
2648 1612 2154
2647 2418 1610
1611 2420 2156
2158 1616 2531
2157 2426 1613
1615 2430 2533
2644 1620 2417
2643 2161 1618
1619 2165 2419
2642 1623 2160
2641 2609 1621
1622 2608 2162
2164 1627 2421
2163 2605 1624
1626 2604 2423
2429 1631 2537
2428 2167 1629
1630 2171 2538
2425 1634 2166
2424 2600 1632
1633 2599 2168
2170 1637 2540
2169 2598 1635
1636 2597 2541
2709 1640 2512
2707 2173 1638
1639 2177 2513
2704 1644 2172
2703 2432 1641
1642 2434 2174
2176 1648 2514
2175 2440 1646
1647 2443 2515
2700 1651 2431
2699 2179 1649
1650 2183 2433
2698 1654 2178
2697 2565 1652
1653 2564 2180
2182 1657 2436
2181 2562 1655
1656 2561 2437
2442 1660 2518
2441 2185 1658
1659 2189 2519
2439 1663 2184
2438 2558 1661
1662 2557 2186
2188 1666 2521
2187 2556 1664
1665 2555 2522
2524 1669 2711
2526 2191 1667
1668 2195 2706
2527 1672 2190
2528 2445 1670
1671 2448 2192
2194 1676 2702
2193 2454 1674
1675 2457 2701
2534 1682 2444
2535 2197 1678
1680 2201 2446
2539 1686 2196
2542 2611 1684
1685 2612 2198
2200 1689 2449
2199 2613 1687
1688 2614 2450
2456 1692 2696
2455 2203 1690
1691 2207 2695
2452 1696 2202
2451 2619 1693
1694 2620 2204
2206 1700 2694
2205 2625 1698
1699 2628 2693
 167  669  671
 669  168  670
 671  670  169
 170  672  674
 672  171  673
 674  673  172
 173  675  677
 675  174  676
 677  676  175
 176  680  684
 678  178  682
 685  683  179
 180  686  688
 686  181  687
 688  687  182
 183  689  691
 689  184  690
 691  690  185
 186  692  694
 692  187  693
 694  693  188
 189  695  697
 695  190  696
 697  696  191
 192  698  700
 698  193  699
 700  699  194
 195  701  703
 701  196  702
 703  702  197
 198  704  706
 704  199  705
 706  705  200
 201  707  710
 707  203  709
 710  709  205
 206  711  714
 711  207  712
 713  712  208
 209  716  718
 715  210  717
 718  717  211
 212  719  721
 719  214  720
 721  720  215
 216  722  725
 722  217  723
 724  723  218
 219  727  730
 726  220  728
 730  729  221
 222  731  735
 731  223  733
 734  732  224
 225  736  738
 736  226  737
 738  737  227
 228  739  742
 740  229  741
 743  741  231
 232  744  746
 744  233  745
 746  745  234
 235  747  749
 747  236  748
 749  748  237
 238  750  752
 750  239  751
 752  751  240
 241  753  755
 753  242  754
 755  754  243
 244  756  758
 756  245  757
 758  757  246
 247  759  761
 759  248  760
 761  760  249
 250  762  766
 762  251  764
 765  763  252
 253  767  769
 767  254  768
 769  768  255
 256  770  772
 770  257  771
 772  771  258
 259  774  777
 773  260  775
 777  776  262
 263  779  783
 778  264  781
 784  782  265
 266  785  789
 785  267  787
 791  788  269
 270  792  794
 792  271  793
 794  793  272
 273  795  797
 795  274  796
 797  796  275
 276  798  800
 798  277  799
 800  799  278
 279  801  803
 801  280  802
 803  802  281
 282  804  806
 804  283  805
 806  805  284
 285  808  811
 807  286  809
 811  810  287
 288  812  814
 812  289  813
 814  813  290
 291  815  817
 815  292  816
 817  816  293
 294  819  822
 818  295  820
 822  821  296
 297  823  825
 823  298  824
 825  824  299
 300  826  828
 826  301  827
 828  827  302
 303  830  833
 829  304  831
 833  832  305
 306  834  836
 834  307  835
 836  835  308
 309  837  839
 837  310  838
 839  838  311
 312  840  842
 840  313  841
 842  841  314
 315  843  845
 843  316  844
 845  844  317
 318  846  848
 846  319  847
 848  847  320
 321  849  851
 849  322  850
 851  850  323
 325  853  855
 853  327  854
 855  854  328
 329  856  858
 856  330  857
 858  857  331
 332  859  861
 859  333  860
 861  860  334
 335  862  864
 862  336  863
 864  863  337
 338  865  867
 865  339  866
 867  866  340
 341  868  870
 868  342  869
 870  869  343
 344  871  873
 871  345  872
 873  872  346
 347  874  876
 874  348  875
 876  875  349
 350  877  879
 877  351  878
 879  878  352
 353  880  882
 880  354  881
 882  881  355
 356  883  885
 883  357  884
 885  884  358
 359  886  888
 886  360  887
 888  887  361
 362  889  891
 889  363  890
 891  890  364
 365  892  894
 892  366  893
 894  893  367
 368  895  897
 895  369  896
 897  896  370
 371  898  900
 898  372  899
 900  899  373
 374  901  903
 901  375  902
 903  902  376
 377  904  906
 904  378  905
 906  905  379
 380  907  909
 907  381  908
 909  908  382
 383  910  912
 910  384  911
 912  911  385
 386  913  915
 913  387  914
 915  914  388
 389  916  918
 916  390  917
 918  917  391
 392  919  921
 919  393  920
 921  920  394
 395  922  924
 922  396  923
 924  923  397
 398  925  927
 925  399  926
 927  926  400
 401  928  930
 928  402  929
 930  929  403
 404  931  933
 931  405  932
 933  932  406
 408  935  937
 935  410  936
 937  936  411
 412  938  940
 938  413  939
 940  939  414
 415  941  943
 941  416  942
 943  942  417
 418  944  946
 944  169  945
 946  945  419
 420  947  949
 947  421  948
 949  948  167
 168  950  952
 950  422  951
 952  951  423
 424  953  955
 953  172  954
 955  954  425
 426  956  958
 956  427  957
 958  957  170
 171  959  961
 959  428  960
 961  960  429
 430  962  964
 962  175  963
 964  963  431
 432  965  967
 965  433  966
 967  966  173
 174  968  970
 968  434  969
 970  969  435
 436  971  973
 971  179  972
 973  972  437
 438  974  976
 974  439  975
 976  975  176
 177  977  980
 977  440  978
 980  978  442
 443  981  983
 981  182  982
 983  982  444
 445  984  986
 984  446  985
 986  985  180
 181  987  989
 987  447  988
 989  988  448
 449  990  992
 990  185  991
 992  991  450
 451  993  995
 993  452  994
 995  994  183
 184  996  998
 996  453  997
 998  997  454
 455  999 1001
 999  188 1000
1001 1000  456
 457 1002 1004
1002  458 1003
1004 1003  186
 187 1005 1007
1005  459 1006
1007 1006  460
 461 1008 1010
1008  191 1009
1010 1009  462
 463 1011 1013
1011  464 1012
1013 1012  189
 190 1014 1016
1014  465 1015
1016 1015  466
 467 1017 1019
1017  194 1018
1019 1018  468
 469 1020 1022
1020  470 1021
1022 1021  192
 193 1023 1025
1023  471 1024
1025 1024  472
 473 1026 1028
1026  197 1027
1028 1027  474
 475 1029 1031
1029  476 1030
1031 1030  195
 196 1032 1034
1032  477 1033
1034 1033  478
 479 1035 1037
1035  200 1036
1037 1036  480
 481 1038 1040
1038  482 1039
1040 1039  198
 199 1041 1043
1041  483 1042
1043 1042  484
 486 1045 1047
1045  204 1046
1047 1046  487
 488 1048 1050
1048  489 1049
1050 1049  201
 202 1052 1054
1052  491 1053
1054 1053  492
 493 1055 1057
1055  208 1056
1057 1056  494
 495 1058 1060
1058  496 1059
1060 1059  206
 207 1061 1063
1061  497 1062
1063 1062  498
 499 1064 1066
1064  211 1065
1066 1065  500
 501 1067 1069
1067  502 1068
1069 1068  209
 210 1070 1072
1070  503 1071
1072 1071  504
 505 1073 1075
1073  215 1074
1075 1074  506
 507 1076 1078
1076  508 1077
1078 1077  212
 213 1080 1082
1080  510 1081
1082 1081  511
 512 1083 1085
1083  218 1084
1085 1084  513
 514 1086 1088
1086  515 1087
1088 1087  216
 217 1089 1091
1089  516 1090
1091 1090  517
 518 1092 1094
1092  221 1093
1094 1093  519
 520 1095 1097
1095  521 1096
1097 1096  219
 220 1098 1100
1098  522 1099
1100 1099  523
 524 1101 1103
1101  224 1102
1103 1102  525
 526 1104 1106
1104  527 1105
1106 1105  222
 223 1107 1109
1107  528 1108
1109 1108  529
 530 1110 1112
1110  227 1111
1112 1111  531
 532 1113 1115
1113  533 1114
1115 1114  225
 226 1116 1118
1116  534 1117
1118 1117  535
 537 1120 1122
1120  230 1121
1122 1121  538
 539 1123 1125
1123  540 1124
1125 1124  228
 229 1126 1128
1126  541 1127
1128 1127  542
 543 1129 1131
1129  234 1130
1131 1130  544
 545 1132 1134
1132  419 1133
1134 1133  232
 233 1135 1137
1135  423 1136
1137 1136  546
 547 1138 1140
1138  237 1139
1140 1139  418
 548 1141 1143
1141  549 1142
1143 1142  235
 236 1144 1146
1144  550 1145
1146 1145  420
 422 1147 1149
1147  240 1148
1149 1148  551
 421 1150 1152
1150  552 1151
1152 1151  238
 239 1153 1155
1153  553 1154
1155 1154  554
 548 1156 1158
1156  243 1157
1158 1157  555
 547 1159 1161
1159  425 1160
1161 1160  241
 242 1162 1164
1162  429 1163
1164 1163  556
 545 1165 1167
1165  246 1166
1167 1166  424
 543 1168 1170
1168  557 1169
1170 1169  244
 245 1171 1173
1171  558 1172
1173 1172  426
 428 1174 1176
1174  249 1175
1176 1175  559
 427 1177 1179
1177  560 1178
1179 1178  247
 248 1180 1182
1180  561 1181
1182 1181  562
 563 1183 1185
1183  252 1184
1185 1184  564
 565 1186 1188
1186  431 1187
1188 1187  250
 251 1189 1191
1189  435 1190
1191 1190  566
 567 1192 1194
1192  255 1193
1194 1193  430
 568 1195 1197
1195  569 1196
1197 1196  253
 254 1198 1200
1198  570 1199
1200 1199  432
 434 1201 1203
1201  258 1202
1203 1202  571
 433 1204 1206
1204  572 1205
1206 1205  256
 257 1207 1209
1207  573 1208
1209 1208  574
 568 1210 1214
1210  262 1212
1213 1211  575
 567 1215 1217
1215  437 1216
1217 1216  259
 260 1218 1221
1218  441 1220
1221 1220  577
 565 1222 1224
1222  265 1223
1224 1223  436
 563 1225 1227
1225  578 1226
1227 1226  263
 264 1228 1230
1228  579 1229
1230 1229  438
 440 1231 1234
1231  268 1233
1234 1233  581
 439 1235 1237
1235  582 1236
1237 1236  266
 267 1238 1240
1238  583 1239
1240 1239  584
 585 1241 1243
1241  272 1242
1243 1242  586
 587 1244 1246
1244  444 1245
1246 1245  270
 271 1247 1249
1247  448 1248
1249 1248  588
 589 1250 1252
1250  275 1251
1252 1251  443
 590 1253 1255
1253  591 1254
1255 1254  273
 274 1256 1258
1256  592 1257
1258 1257  445
 447 1259 1261
1259  278 1260
1261 1260  593
 446 1262 1264
1262  594 1263
1264 1263  276
 277 1265 1267
1265  595 1266
1267 1266  596
 590 1268 1270
1268  281 1269
1270 1269  597
 589 1271 1273
1271  450 1272
1273 1272  279
 280 1274 1276
1274  454 1275
1276 1275  598
 587 1277 1279
1277  284 1278
1279 1278  449
 585 1280 1282
1280  599 1281
1282 1281  282
 283 1283 1285
1283  600 1284
1285 1284  451
 453 1286 1288
1286  287 1287
1288 1287  601
 452 1289 1291
1289  602 1290
1291 1290  285
 286 1292 1294
1292  603 1293
1294 1293  604
 605 1295 1297
1295  290 1296
1297 1296  606
 607 1298 1300
1298  456 1299
1300 1299  288
 289 1301 1303
1301  460 1302
1303 1302  608
 609 1304 1306
1304  293 1305
1306 1305  455
 610 1307 1309
1307  611 1308
1309 1308  291
 292 1310 1312
1310  612 1311
1312 1311  457
 459 1313 1315
1313  296 1314
1315 1314  613
 458 1316 1318
1316  614 1317
1318 1317  294
 295 1319 1321
1319  615 1320
1321 1320  616
 610 1322 1324
1322  299 1323
1324 1323  617
 609 1325 1327
1325  462 1326
1327 1326  297
 298 1328 1330
1328  466 1329
1330 1329  618
 607 1331 1333
1331  302 1332
1333 1332  461
 605 1334 1336
1334  619 1335
1336 1335  300
 301 1337 1339
1337  620 1338
1339 1338  463
 465 1340 1342
1340  305 1341
1342 1341  621
 464 1343 1345
1343  622 1344
1345 1344  303
 304 1346 1348
1346  623 1347
1348 1347  624
 625 1349 1351
1349  308 1350
1351 1350  626
 627 1352 1354
1352  468 1353
1354 1353  306
 307 1355 1357
1355  472 1356
1357 1356  628
 629 1358 1360
1358  311 1359
1360 1359  467
 630 1361 1363
1361  631 1362
1363 1362  309
 310 1364 1366
1364  632 1365
1366 1365  469
 471 1367 1369
1367  314 1368
1369 1368  633
 470 1370 1372
1370  634 1371
1372 1371  312
 313 1373 1375
1373  635 1374
1375 1374  636
 630 1376 1378
1376  317 1377
1378 1377  637
 629 1379 1381
1379  474 1380
1381 1380  315
 316 1382 1384
1382  478 1383
1384 1383  638
 627 1385 1387
1385  320 1386
1387 1386  473
 625 1388 1390
1388  639 1389
1390 1389  318
 319 1391 1393
1391  640 1392
1393 1392  475
 477 1394 1396
1394  323 1395
1396 1395  641
 476 1397 1399
1397  642 1398
1399 1398  321
 322 1400 1402
1400  643 1401
1402 1401  644
 645 1403 1405
1403  328 1404
1405 1404  646
 648 1406 1409
1406  480 1407
1409 1407  324
 326 1410 1413
1410  484 1411
1413 1411  650
 651 1414 1416
1414  331 1415
1416 1415  479
 652 1417 1419
1417  653 1418
1419 1418  329
 330 1420 1422
1420  654 1421
1422 1421  481
 483 1423 1425
1423  334 1424
1425 1424  655
 482 1426 1428
1426  656 1427
1428 1427  332
 333 1429 1431
1429  657 1430
1431 1430  658
 652 1432 1434
1432  337 1433
1434 1433  659
 651 1435 1437
1435  487 1436
1437 1436  335
 336 1438 1440
1438  492 1439
1440 1439  660
 647 1441 1444
1441  340 1442
1444 1442  485
 645 1445 1447
1445  661 1446
1447 1446  338
 339 1448 1450
1448  662 1449
1450 1449  488
 490 1451 1454
1451  343 1452
1454 1452  664
 489 1455 1457
1455  665 1456
1457 1456  341
 342 1458 1460
1458  667 1459
1460 1459  668
 643 1461 1463
1461  346 1462
1463 1462  549
 642 1464 1466
1464  494 1465
1466 1465  344
 345 1467 1469
1467  498 1468
1469 1468  550
 640 1470 1472
1470  349 1471
1472 1471  493
 639 1473 1475
1473  603 1474
1475 1474  347
 348 1476 1479
1477  602 1478
1480 1478  495
 497 1481 1483
1481  352 1482
1483 1482  552
 496 1484 1486
1484  600 1485
1486 1485  350
 351 1487 1489
1487  599 1488
1489 1488  553
 555 1490 1492
1490  355 1491
1492 1491  644
 556 1493 1495
1493  500 1494
1495 1494  353
 354 1496 1498
1496  504 1497
1498 1497  641
 559 1499 1501
1499  358 1500
1501 1500  499
 562 1502 1504
1502  606 1503
1504 1503  356
 357 1505 1507
1505  608 1506
1507 1506  501
 503 1508 1510
1508  361 1509
1510 1509  638
 502 1511 1515
1511  613 1513
1514 1512  359
 360 1516 1518
1516  616 1517
1518 1517  637
 544 1519 1521
1519  364 1520
1521 1520  658
 546 1522 1524
1522  506 1523
1524 1523  362
 363 1525 1527
1525  511 1526
1527 1526  655
 551 1528 1530
1528  367 1529
1530 1529  505
 554 1531 1533
1531  586 1532
1533 1532  365
 366 1534 1536
1534  588 1535
1536 1535  507
 509 1537 1540
1537  370 1538
1540 1538  649
 508 1541 1543
1541  593 1542
1543 1542  368
 369 1544 1546
1544  596 1545
1546 1545  646
 657 1547 1549
1547  373 1548
1549 1548  557
 656 1550 1552
1550  513 1551
1552 1551  371
 372 1553 1555
1553  517 1554
1555 1554  558
 654 1556 1558
1556  376 1557
1558 1557  512
 653 1559 1561
1559  623 1560
1561 1560  374
 375 1562 1565
1563  622 1564
1566 1564  514
 516 1567 1569
1567  379 1568
1569 1568  560
 515 1570 1572
1570  620 1571
1572 1571  377
 378 1573 1575
1573  619 1574
1575 1574  561
 564 1576 1578
1576  382 1577
1578 1577  636
 566 1579 1583
1579  519 1581
1582 1580  380
 381 1584 1586
1584  523 1585
1586 1585  633
 571 1587 1589
1587  385 1588
1589 1588  518
 574 1590 1592
1590  597 1591
1592 1591  383
 384 1593 1595
1593  598 1594
1595 1594  520
 522 1596 1598
1596  388 1597
1598 1597  628
 521 1599 1603
1599  601 1601
1602 1600  386
 387 1604 1606
1604  604 1605
1606 1605  626
 635 1607 1609
1607  391 1608
1609 1608  578
 634 1610 1612
1610  525 1611
1612 1611  389
 390 1613 1616
1614  529 1615
1617 1615  579
 632 1618 1620
1618  394 1619
1620 1619  524
 631 1621 1623
1621  615 1622
1623 1622  392
 393 1624 1627
1625  614 1626
1628 1626  526
 528 1629 1631
1629  397 1630
1631 1630  582
 527 1632 1634
1632  612 1633
1634 1633  395
 396 1635 1637
1635  611 1636
1637 1636  583
 666 1638 1640
1638  400 1639
1640 1639  569
 665 1641 1645
1641  531 1643
1644 1642  398
 399 1646 1648
1646  535 1647
1648 1647  570
 662 1649 1651
1649  403 1650
1651 1650  530
 661 1652 1654
1652  595 1653
1654 1653  401
 402 1655 1657
1655  594 1656
1657 1656  532
 534 1658 1660
1658  406 1659
1660 1659  572
 533 1661 1663
1661  592 1662
1663 1662  404
 405 1664 1666
1664  591 1665
1666 1665  573
 575 1667 1669
1667  411 1668
1669 1668  668
 576 1670 1673
1670  538 1671
1673 1671  407
 409 1674 1677
1674  542 1675
1677 1675  663
 580 1679 1683
1678  414 1680
1683 1681  536
 584 1684 1686
1684  617 1685
1686 1685  412
 413 1687 1689
1687  618 1688
1689 1688  539
 541 1690 1692
1690  417 1691
1692 1691  660
 540 1693 1697
1693  621 1695
1696 1694  415
 416 1698 1700
1698  624 1699
1700 1699  659
  43 1701 1702
1701  167  671
1702  671  169
 167 1703  669
1703   44 1704
 669 1704  168
 169  670 1706
 670  168 1705
1706 1705   45
  46 1707 1708
1707  170  674
1708  674  172
 170 1709  672
1709   47 1710
 672 1710  171
 172  673 1712
 673  171 1711
1712 1711   48
  49 1713 1714
1713  173  677
1714  677  175
 173 1715  675
1715   50 1716
 675 1716  174
 175  676 1718
 676  174 1717
1718 1717   51
  53 1720 1721
1719  176  684
1721  685  179
 176 1722  680
1723   55 1724
 679 1724  177
 179  683 1727
 682  178 1725
1727 1726   57
  58 1728 1729
1728  180  688
1729  688  182
 180 1730  686
1730   59 1731
 686 1731  181
 182  687 1733
 687  181 1732
1733 1732   60
  61 1734 1735
1734  183  691
1735  691  185
 183 1736  689
1736   62 1737
 689 1737  184
 185  690 1739
 690  184 1738
1739 1738   63
  64 1740 1741
1740  186  694
1741  694  188
 186 1742  692
1742   65 1743
 692 1743  187
 188  693 1745
 693  187 1744
1745 1744   66
  67 1746 1747
1746  189  697
1747  697  191
 189 1748  695
1748   68 1749
 695 1749  190
 191  696 1751
 696  190 1750
1751 1750   69
  70 1752 1753
1752  192  700
1753  700  194
 192 1754  698
1754   71 1755
 698 1755  193
 194  699 1757
 699  193 1756
1757 1756   72
  73 1758 1759
1758  195  703
1759  703  197
 195 1760  701
1760   74 1761
 701 1761  196
 197  702 1763
 702  196 1762
1763 1762   75
  76 1764 1765
1764  198  706
1765  706  200
 198 1766  704
1766   77 1767
 704 1767  199
 200  705 1769
 705  199 1768
1769 1768   78
  79 1770 1771
1770  201  710
1771  710  205
 201 1772  707
1772   80 1773
 707 1773  203
 204  708 1775
 708  202 1774
1775 1774   81
  82 1777 1778
1776  206  714
1778  713  208
 206 1779  711
1779   83 1780
 711 1780  207
 208  712 1782
 712  207 1781
1782 1781   84
  85 1783 1784
1783  209  718
1784  718  211
 209 1785  716
1786   86 1787
 715 1787  210
 211  717 1789
 717  210 1788
1789 1788   87
  88 1790 1791
1790  212  721
1791  721  215
 212 1792  719
1792   89 1793
 719 1793  214
 215  720 1795
 720  213 1794
1795 1794   90
  91 1797 1798
1796  216  725
1798  724  218
 216 1799  722
1799   92 1800
 722 1800  217
 218  723 1802
 723  217 1801
1802 1801   93
  94 1803 1804
1803  219  730
1804  730  221
 219 1805  727
1806   95 1807
 726 1807  220
 221  729 1809
 728  220 1808
1810 1808   96
  97 1812 1813
1811  222  735
1813  734  224
 222 1814  731
1814   98 1815
 731 1815  223
 224  732 1818
 733  223 1816
1818 1817   99
 100 1819 1820
1819  225  738
1820  738  227
 225 1821  736
1821  101 1822
 736 1822  226
 227  737 1824
 737  226 1823
1825 1823  102
 103 1826 1828
1826  228  742
1827  743  231
 228 1829  739
1830  104 1831
 740 1831  229
 230  741 1833
 741  229 1832
1833 1832  105
 106 1834 1835
1834  232  746
1835  746  234
 232 1836  744
1836   45 1837
 744 1837  233
 234  745 1839
 745  233 1838
1839 1838  107
 108 1840 1841
1840  235  749
1841  749  237
 235 1842  747
1842  109 1843
 747 1843  236
 237  748 1845
 748  236 1844
1845 1844   43
  44 1846 1847
1846  238  752
1847  752  240
 238 1848  750
1848  110 1849
 750 1849  239
 240  751 1851
 751  239 1850
1851 1850  111
 108 1852 1853
1852  241  755
1853  755  243
 241 1854  753
1854   48 1855
 753 1855  242
 243  754 1857
 754  242 1856
1857 1856  112
 106 1858 1859
1858  244  758
1859  758  246
 244 1860  756
1860  113 1861
 756 1861  245
 246  757 1863
 757  245 1862
1863 1862   46
  47 1864 1865
1864  247  761
1865  761  249
 247 1866  759
1866  114 1867
 759 1867  248
 249  760 1869
 760  248 1868
1869 1868  115
 116 1871 1872
1870  250  766
1872  765  252
 250 1873  762
1873   51 1874
 762 1874  251
 252  763 1877
 764  251 1875
1877 1876  117
 118 1878 1879
1878  253  769
1879  769  255
 253 1880  767
1880  119 1881
 767 1881  254
 255  768 1883
 768  254 1882
1883 1882   49
  50 1884 1885
1884  256  772
1885  772  258
 256 1886  770
1886  120 1887
 770 1887  257
 258  771 1889
 771  257 1888
1889 1888  121
 118 1890 1891
1890  259  777
1891  777  262
 259 1892  774
1892   57 1894
 773 1893  260
 261  775 1896
 775  260 1895
1896 1895  122
 116 1897 1899
1897  263  783
1898  784  265
 263 1900  779
1900  123 1902
 778 1901  264
 265  782 1905
 781  264 1903
1905 1904   53
  55 1907 1908
1906  266  789
1908  790  268
 266 1909  785
1909  124 1910
 785 1910  267
 269  788 1912
 787  267 1911
1913 1911  125
 126 1914 1915
1914  270  794
1915  794  272
 270 1916  792
1916   60 1917
 792 1917  271
 272  793 1919
 793  271 1918
1919 1918  127
 128 1920 1921
1920  273  797
1921  797  275
 273 1922  795
1922  129 1923
 795 1923  274
 275  796 1925
 796  274 1924
1925 1924   58
  59 1926 1927
1926  276  800
1927  800  278
 276 1928  798
1928  130 1929
 798 1929  277
 278  799 1931
 799  277 1930
1931 1930  131
 128 1932 1933
1932  279  803
1933  803  281
 279 1934  801
1934   63 1935
 801 1935  280
 281  802 1937
 802  280 1936
1937 1936  132
 126 1938 1939
1938  282  806
1939  806  284
 282 1940  804
1940  133 1941
 804 1941  283
 284  805 1943
 805  283 1942
1943 1942   61
  62 1944 1945
1944  285  811
1945  811  287
 285 1946  808
1947  134 1948
 807 1948  286
 287  810 1950
 809  286 1949
1951 1949  135
 136 1952 1953
1952  288  814
1953  814  290
 288 1954  812
1954   66 1955
 812 1955  289
 290  813 1957
 813  289 1956
1957 1956  137
 138 1958 1959
1958  291  817
1959  817  293
 291 1960  815
1960  139 1961
 815 1961  292
 293  816 1963
 816  292 1962
1963 1962   64
  65 1964 1965
1964  294  822
1965  822  296
 294 1966  819
1967  140 1968
 818 1968  295
 296  821 1970
 820  295 1969
1971 1969  141
 138 1972 1973
1972  297  825
1973  825  299
 297 1974  823
1974   69 1975
 823 1975  298
 299  824 1977
 824  298 1976
1977 1976  142
 136 1978 1979
1978  300  828
1979  828  302
 300 1980  826
1980  143 1981
 826 1981  301
 302  827 1983
 827  301 1982
1983 1982   67
  68 1984 1985
1984  303  833
1985  833  305
 303 1986  830
1987  144 1988
 829 1988  304
 305  832 1990
 831  304 1989
1991 1989  145
 146 1992 1993
1992  306  836
1993  836  308
 306 1994  834
1994   72 1995
 834 1995  307
 308  835 1997
 835  307 1996
1997 1996  147
 148 1998 1999
1998  309  839
1999  839  311
 309 2000  837
2000  149 2001
 837 2001  310
 311  838 2003
 838  310 2002
2003 2002   70
  71 2004 2005
2004  312  842
2005  842  314
 312 2006  840
2006  150 2007
 840 2007  313
 314  841 2009
 841  313 2008
2009 2008  151
 148 2010 2011
2010  315  845
2011  845  317
 315 2012  843
2012   75 2013
 843 2013  316
 317  844 2015
 844  316 2014
2015 2014  152
 146 2016 2017
2016  318  848
2017  848  320
 318 2018  846
2018  153 2019
 846 2019  319
 320  847 2021
 847  319 2020
2021 2020   73
  74 2022 2023
2022  321  851
2023  851  323
 321 2024  849
2024  154 2025
 849 2025  322
 323  850 2027
 850  322 2026
2027 2026  155
 156 2028 2029
2028  325  855
2029  855  328
 324 2030  852
2030   78 2031
 852 2031  326
 328  854 2033
 854  327 2032
2033 2032  157
 158 2034 2035
2034  329  858
2035  858  331
 329 2036  856
2036  159 2037
 856 2037  330
 331  857 2039
 857  330 2038
2039 2038   76
  77 2040 2041
2040  332  861
2041  861  334
 332 2042  859
2042  160 2043
 859 2043  333
 334  860 2045
 860  333 2044
2045 2044  161
 158 2046 2047
2046  335  864
2047  864  337
 335 2048  862
2048   81 2049
 862 2049  336
 337  863 2051
 863  336 2050
2051 2050  162
 156 2052 2053
2052  338  867
2053  867  340
 338 2054  865
2054  163 2055
 865 2055  339
 340  866 2057
 866  339 2056
2057 2056   79
  80 2058 2059
2058  341  870
2059  870  343
 341 2060  868
2060  165 2061
 868 2061  342
 343  869 2063
 869  342 2062
2063 2062  166
 154 2064 2065
2064  344  873
2065  873  346
 344 2066  871
2066   84 2067
 871 2067  345
 346  872 2069
 872  345 2068
2069 2068  109
 153 2070 2071
2070  347  876
2071  876  349
 347 2072  874
2072  134 2073
 874 2073  348
 349  875 2075
 875  348 2074
2075 2074   82
  83 2076 2077
2076  350  879
2077  879  352
 350 2078  877
2078  133 2079
 877 2079  351
 352  878 2081
 878  351 2080
2081 2080  110
 112 2082 2083
2082  353  882
2083  882  355
 353 2084  880
2084   87 2085
 880 2085  354
 355  881 2087
 881  354 2086
2087 2086  155
 115 2088 2089
2088  356  885
2089  885  358
 356 2090  883
2090  137 2091
 883 2091  357
 358  884 2093
 884  357 2092
2093 2092   85
  86 2094 2095
2094  359  888
2095  888  361
 359 2096  886
2096  141 2097
 886 2097  360
 361  887 2099
 887  360 2098
2099 2098  152
 107 2100 2101
2100  362  891
2101  891  364
 362 2102  889
2102   90 2103
 889 2103  363
 364  890 2105
 890  363 2104
2105 2104  161
 111 2106 2107
2106  365  894
2107  894  367
 365 2108  892
2108  127 2109
 892 2109  366
 367  893 2111
 893  366 2110
2111 2110   88
  89 2112 2113
2112  368  897
2113  897  370
 368 2114  895
2114  131 2115
 895 2115  369
 370  896 2117
 896  369 2116
2117 2116  157
 160 2118 2119
2118  371  900
2119  900  373
 371 2120  898
2120   93 2121
 898 2121  372
 373  899 2123
 899  372 2122
2123 2122  113
 159 2124 2125
2124  374  903
2125  903  376
 374 2126  901
2126  144 2127
 901 2127  375
 376  902 2129
 902  375 2128
2129 2128   91
  92 2130 2131
2130  377  906
2131  906  379
 377 2132  904
2132  143 2133
 904 2133  378
 379  905 2135
 905  378 2134
2135 2134  114
 117 2136 2137
2136  380  909
2137  909  382
 380 2138  907
2138   96 2139
 907 2139  381
 382  908 2141
 908  381 2140
2141 2140  151
 121 2142 2143
2142  383  912
2143  912  385
 383 2144  910
2144  132 2145
 910 2145  384
 385  911 2147
 911  384 2146
2147 2146   94
  95 2148 2149
2148  386  915
2149  915  388
 386 2150  913
2150  135 2151
 913 2151  387
 388  914 2153
 914  387 2152
2153 2152  147
 150 2154 2155
2154  389  918
2155  918  391
 389 2156  916
2156   99 2157
 916 2157  390
 391  917 2159
 917  390 2158
2159 2158  123
 149 2160 2161
2160  392  921
2161  921  394
 392 2162  919
2162  140 2163
 919 2163  393
 394  920 2165
 920  393 2164
2165 2164   97
  98 2166 2167
2166  395  924
2167  924  397
 395 2168  922
2168  139 2169
 922 2169  396
 397  923 2171
 923  396 2170
2171 2170  124
 164 2172 2173
2172  398  927
2173  927  400
 398 2174  925
2174  102 2175
 925 2175  399
 400  926 2177
 926  399 2176
2177 2176  119
 163 2178 2179
2178  401  930
2179  930  403
 401 2180  928
2180  130 2181
 928 2181  402
 403  929 2183
 929  402 2182
2183 2182  100
 101 2184 2185
2184  404  933
2185  933  406
 404 2186  931
2186  129 2187
 931 2187  405
 406  932 2189
 932  405 2188
2189 2188  120
 122 2190 2191
2190  408  937
2191  937  411
 407 2192  934
2192  105 2193
 934 2193  409
 411  936 2195
 936  410 2194
2195 2194  166
 125 2196 2197
2196  412  940
2197  940  414
 412 2198  938
2198  142 2199
 938 2199  413
 414  939 2201
 939  413 2200
2201 2200  103
 104 2202 2203
2202  415  943
2203  943  417
 415 2204  941
2204  145 2205
 941 2205  416
 417  942 2207
 942  416 2206
2207 2206  162
  13 2208 2209
2208  418  946
2209  946  419
 418 2210  944
2210   43 1702
 944 1702  169
 419  945 2211
 945  169 1706
2211 1706   45
  43 2212 1701
2212  420  949
1701  949  167
 420 2213  947
2213   14 2214
 947 2214  421
 167  948 1703
 948  421 2215
1703 2215   44
  45 1705 2216
1705  168  952
2216  952  423
 168 1704  950
1704   44 2217
 950 2217  422
 423  951 2219
 951  422 2218
2219 2218   15
  13 2220 2221
2220  424  955
2221  955  425
 424 2222  953
2222   46 1708
 953 1708  172
 425  954 2223
 954  172 1712
2223 1712   48
  46 2224 1707
2224  426  958
1707  958  170
 426 2225  956
2225   16 2226
 956 2226  427
 170  957 1709
 957  427 2227
1709 2227   47
  48 1711 2228
1711  171  961
2228  961  429
 171 1710  959
1710   47 2229
 959 2229  428
 429  960 2231
 960  428 2230
2231 2230   17
  18 2232 2233
2232  430  964
2233  964  431
 430 2234  962
2234   49 1714
 962 1714  175
 431  963 2235
 963  175 1718
2235 1718   51
  49 2236 1713
2236  432  967
1713  967  173
 432 2237  965
2237   19 2238
 965 2238  433
 173  966 1715
 966  433 2239
1715 2239   50
  51 1717 2240
1717  174  970
2240  970  435
 174 1716  968
1716   50 2241
 968 2241  434
 435  969 2243
 969  434 2242
2243 2242   20
  18 2244 2245
2244  436  973
2245  973  437
 436 2246  971
2246   53 1721
 971 1721  179
 437  972 2247
 972  179 1727
2247 1727   57
  52 2248 1719
2248  438  976
1719  976  176
 438 2249  974
2249   21 2250
 974 2250  439
 176  975 1722
 975  439 2251
1722 2251   54
  56 1725 2252
1725  178  979
2252  979  441
 177 1724  977
1724   55 2253
 977 2253  440
 442  978 2255
 978  440 2254
2255 2254   22
  23 2256 2257
2256  443  983
2257  983  444
 443 2258  981
2258   58 1729
 981 1729  182
 444  982 2259
 982  182 1733
2259 1733   60
  58 2260 1728
2260  445  986
1728  986  180
 445 2261  984
2261   24 2262
 984 2262  446
 180  985 1730
 985  446 2263
1730 2263   59
  60 1732 2264
1732  181  989
2264  989  448
 181 1731  987
1731   59 2265
 987 2265  447
 448  988 2267
 988  447 2266
2267 2266   25
  23 2268 2269
2268  449  992
2269  992  450
 449 2270  990
2270   61 1735
 990 1735  185
 450  991 2271
 991  185 1739
2271 1739   63
  61 2272 1734
2272  451  995
1734  995  183
 451 2273  993
2273   26 2274
 993 2274  452
 183  994 1736
 994  452 2275
1736 2275   62
  63 1738 2276
1738  184  998
2276  998  454
 184 1737  996
1737   62 2277
 996 2277  453
 454  997 2279
 997  453 2278
2279 2278   27
  28 2280 2281
2280  455 1001
2281 1001  456
 455 2282  999
2282   64 1741
 999 1741  188
 456 1000 2283
1000  188 1745
2283 1745   66
  64 2284 1740
2284  457 1004
1740 1004  186
 457 2285 1002
2285   29 2286
1002 2286  458
 186 1003 1742
1003  458 2287
1742 2287   65
  66 1744 2288
1744  187 1007
2288 1007  460
 187 1743 1005
1743   65 2289
1005 2289  459
 460 1006 2291
1006  459 2290
2291 2290   30
  28 2292 2293
2292  461 1010
2293 1010  462
 461 2294 1008
2294   67 1747
1008 1747  191
 462 1009 2295
1009  191 1751
2295 1751   69
  67 2296 1746
2296  463 1013
1746 1013  189
 463 2297 1011
2297   31 2298
1011 2298  464
 189 1012 1748
1012  464 2299
1748 2299   68
  69 1750 2300
1750  190 1016
2300 1016  466
 190 1749 1014
1749   68 2301
1014 2301  465
 466 1015 2303
1015  465 2302
2303 2302   32
  33 2304 2305
2304  467 1019
2305 1019  468
 467 2306 1017
2306   70 1753
1017 1753  194
 468 1018 2307
1018  194 1757
2307 1757   72
  70 2308 1752
2308  469 1022
1752 1022  192
 469 2309 1020
2309   34 2310
1020 2310  470
 192 1021 1754
1021  470 2311
1754 2311   71
  72 1756 2312
1756  193 1025
2312 1025  472
 193 1755 1023
1755   71 2313
1023 2313  471
 472 1024 2315
1024  471 2314
2315 2314   35
  33 2316 2317
2316  473 1028
2317 1028  474
 473 2318 1026
2318   73 1759
1026 1759  197
 474 1027 2319
1027  197 1763
2319 1763   75
  73 2320 1758
2320  475 1031
1758 1031  195
 475 2321 1029
2321   36 2322
1029 2322  476
 195 1030 1760
1030  476 2323
1760 2323   74
  75 1762 2324
1762  196 1034
2324 1034  478
 196 1761 1032
1761   74 2325
1032 2325  477
 478 1033 2327
1033  477 2326
2327 2326   37
  38 2328 2329
2328  479 1037
2329 1037  480
 479 2330 1035
2330   76 1765
1035 1765  200
 480 1036 2331
1036  200 1769
2331 1769   78
  76 2332 1764
2332  481 1040
1764 1040  198
 481 2333 1038
2333   39 2334
1038 2334  482
 198 1039 1766
1039  482 2335
1766 2335   77
  78 1768 2336
1768  199 1043
2336 1043  484
 199 1767 1041
1767   77 2337
1041 2337  483
 484 1042 2339
1042  483 2338
2339 2338   40
  38 2340 2341
2340  486 1047
2341 1047  487
 485 2342 1044
2342   79 1771
1044 1771  205
 487 1046 2343
1046  204 1775
2343 1775   81
  79 2344 1770
2344  488 1050
1770 1050  201
 488 2345 1048
2345   41 2346
1048 2346  489
 201 1049 1772
1049  489 2347
1772 2347   80
  81 1774 2348
1774  202 1054
2348 1054  492
 203 1773 1051
1773   80 2349
1051 2349  490
 492 1053 2351
1053  491 2350
2351 2350   42
  36 2352 2353
2352  493 1057
2353 1057  494
 493 2354 1055
2354   82 1778
1055 1778  208
 494 1056 2355
1056  208 1782
2355 1782   84
  82 2356 1777
2357  495 1060
1776 1060  206
 495 2358 1058
2358   26 2359
1058 2359  496
 206 1059 1779
1059  496 2360
1779 2360   83
  84 1781 2361
1781  207 1063
2361 1063  498
 207 1780 1061
1780   83 2362
1061 2362  497
 498 1062 2364
1062  497 2363
2364 2363   14
  17 2365 2366
2365  499 1066
2366 1066  500
 499 2367 1064
2367   85 1784
1064 1784  211
 500 1065 2368
1065  211 1789
2368 1789   87
  85 2369 1783
2369  501 1069
1783 1069  209
 501 2370 1067
2370   30 2371
1067 2371  502
 209 1068 1785
1068  502 2373
1786 2372   86
  87 1788 2374
1788  210 1072
2374 1072  504
 210 1787 1070
1787   86 2375
1070 2375  503
 504 1071 2377
1071  503 2376
2377 2376   37
  15 2378 2379
2378  505 1075
2379 1075  506
 505 2380 1073
2380   88 1791
1073 1791  215
 506 1074 2381
1074  215 1795
2381 1795   90
  88 2382 1790
2382  507 1078
1790 1078  212
 507 2383 1076
2383   25 2384
1076 2384  508
 212 1077 1792
1077  508 2385
1792 2385   89
  90 1794 2386
1794  213 1082
2386 1082  511
 214 1793 1079
1793   89 2387
1079 2387  509
 511 1081 2389
1081  510 2388
2389 2388   40
  39 2390 2391
2390  512 1085
2391 1085  513
 512 2392 1083
2392   91 1798
1083 1798  218
 513 1084 2393
1084  218 1802
2393 1802   93
  91 2394 1797
2395  514 1088
1796 1088  216
 514 2396 1086
2396   31 2397
1086 2397  515
 216 1087 1799
1087  515 2398
1799 2398   92
  93 1801 2399
1801  217 1091
2399 1091  517
 217 1800 1089
1800   92 2400
1089 2400  516
 517 1090 2402
1090  516 2401
2402 2401   16
  20 2403 2404
2403  518 1094
2404 1094  519
 518 2405 1092
2405   94 1804
1092 1804  221
 519 1093 2407
1093  221 1809
2406 1810   96
  94 2408 1803
2408  520 1097
1803 1097  219
 520 2409 1095
2409   27 2410
1095 2410  521
 219 1096 1805
1096  521 2412
1806 2411   95
  96 1808 2413
1808  220 1100
2413 1100  523
 220 1807 1098
1807   95 2414
1098 2414  522
 523 1099 2416
1099  522 2415
2416 2415   35
  34 2417 2418
2417  524 1103
2418 1103  525
 524 2419 1101
2419   97 1813
1101 1813  224
 525 1102 2420
1102  224 1818
2420 1818   99
  97 2421 1812
2422  526 1106
1811 1106  222
 526 2423 1104
2423   29 2424
1104 2424  527
 222 1105 1814
1105  527 2425
1814 2425   98
  99 1817 2426
1816  223 1109
2427 1109  529
 223 1815 1107
1815   98 2428
1107 2428  528
 529 1108 2430
1108  528 2429
2430 2429   21
  41 2431 2432
2431  530 1112
2432 1112  531
 530 2433 1110
2433  100 1820
1110 1820  227
 531 1111 2435
1111  227 1824
2434 1825  102
 100 2436 1819
2436  532 1115
1819 1115  225
 532 2437 1113
2437   24 2438
1113 2438  533
 225 1114 1821
1114  533 2439
1821 2439  101
 102 1823 2440
1823  226 1118
2440 1118  535
 226 1822 1116
1822  101 2441
1116 2441  534
 535 1117 2443
1117  534 2442
2443 2442   19
  22 2444 2445
2444  537 1122
2445 1122  538
 536 2447 1119
2446  103 1828
1119 1827  231
 538 1121 2448
1121  230 1833
2448 1833  105
 103 2449 1826
2449  539 1125
1826 1125  228
 539 2450 1123
2450   32 2451
1123 2451  540
 228 1124 1829
1124  540 2453
1830 2452  104
 105 1832 2454
1832  229 1128
2454 1128  542
 229 1831 1126
1831  104 2455
1126 2455  541
 542 1127 2457
1127  541 2456
2457 2456   42
   1 2458 2459
2458  543 1131
2459 1131  544
 543 2460 1129
2460  106 1835
1129 1835  234
 544 1130 2461
1130  234 1839
2461 1839  107
 106 2462 1834
2462  545 1134
1834 1134  232
 545 2463 1132
2463   13 2209
1132 2209  419
 232 1133 1836
1133  419 2211
1836 2211   45
 107 1838 2464
1838  233 1137
2464 1137  546
 233 1837 1135
1837   45 2216
1135 2216  423
 546 1136 2465
1136  423 2219
2465 2219   15
  13 2466 2208
2466  547 1140
2208 1140  418
 547 2467 1138
2467  108 1841
1138 1841  237
 418 1139 2210
1139  237 1845
2210 1845   43
 108 2468 1840
2468  548 1143
1840 1143  235
 548 2469 1141
2469    0 2470
1141 2470  549
 235 1142 1842
1142  549 2471
1842 2471  109
  43 1844 2212
1844  236 1146
2212 1146  420
 236 1843 1144
1843  109 2472
1144 2472  550
 420 1145 2213
1145  550 2473
2213 2473   14
  15 2218 2474
2218  422 1149
2474 1149  551
 422 2217 1147
2217   44 1847
1147 1847  240
 551 1148 2475
1148  240 1851
2475 1851  111
  44 2215 1846
2215  421 1152
1846 1152  238
 421 2214 1150
2214   14 2476
1150 2476  552
 238 1151 1848
1151  552 2477
1848 2477  110
 111 1850 2478
1850  239 1155
2478 1155  554
 239 1849 1153
1849  110 2479
1153 2479  553
 554 1154 2481
1154  553 2480
2481 2480    5
   0 2469 2482
2469  548 1158
2482 1158  555
 548 2468 1156
2468  108 1853
1156 1853  243
 555 1157 2483
1157  243 1857
2483 1857  112
 108 2467 1852
2467  547 1161
1852 1161  241
 547 2466 1159
2466   13 2221
1159 2221  425
 241 1160 1854
1160  425 2223
1854 2223   48
 112 1856 2484
1856  242 1164
2484 1164  556
 242 1855 1162
1855   48 2228
1162 2228  429
 556 1163 2485
1163  429 2231
2485 2231   17
  13 2463 2220
2463  545 1167
2220 1167  424
 545 2462 1165
2462  106 1859
1165 1859  246
 424 1166 2222
1166  246 1863
2222 1863   46
 106 2460 1858
2460  543 1170
1858 1170  244
 543 2458 1168
2458    1 2486
1168 2486  557
 244 1169 1860
1169  557 2487
1860 2487  113
  46 1862 2224
1862  245 1173
2224 1173  426
 245 1861 1171
1861  113 2488
1171 2488  558
 426 1172 2225
1172  558 2489
2225 2489   16
  17 2230 2490
2230  428 1176
2490 1176  559
 428 2229 1174
2229   47 1865
1174 1865  249
 559 1175 2491
1175  249 1869
2491 1869  115
  47 2227 1864
2227  427 1179
1864 1179  247
 427 2226 1177
2226   16 2492
1177 2492  560
 247 1178 1866
1178  560 2493
1866 2493  114
 115 1868 2494
1868  248 1182
2494 1182  562
 248 1867 1180
1867  114 2495
1180 2495  561
 562 1181 2497
1181  561 2496
2497 2496    7
   2 2498 2499
2498  563 1185
2499 1185  564
 563 2500 1183
2500  116 1872
1183 1872  252
 564 1184 2501
1184  252 1877
2501 1877  117
 116 2502 1871
2503  565 1188
1870 1188  250
 565 2504 1186
2504   18 2233
1186 2233  431
 250 1187 1873
1187  431 2235
1873 2235   51
 117 1876 2505
1875  251 1191
2506 1191  566
 251 1874 1189
1874   51 2240
1189 2240  435
 566 1190 2507
1190  435 2243
2507 2243   20
  18 2508 2232
2508  567 1194
2232 1194  430
 567 2509 1192
2509  118 1879
1192 1879  255
 430 1193 2234
1193  255 1883
2234 1883   49
 118 2510 1878
2510  568 1197
1878 1197  253
 568 2511 1195
2511    4 2512
1195 2512  569
 253 1196 1880
1196  569 2513
1880 2513  119
  49 1882 2236
1882  254 1200
2236 1200  432
 254 1881 1198
1881  119 2514
1198 2514  570
 432 1199 2237
1199  570 2515
2237 2515   19
  20 2242 2516
2242  434 1203
2516 1203  571
 434 2241 1201
2241   50 1885
1201 1885  258
 571 1202 2517
1202  258 1889
2517 1889  121
  50 2239 1884
2239  433 1206
1884 1206  256
 433 2238 1204
2238   19 2518
1204 2518  572
 256 1205 1886
1205  572 2519
1886 2519  120
 121 1888 2520
1888  257 1209
2520 1209  574
 257 1887 1207
1887  120 2521
1207 2521  573
 574 1208 2523
1208  573 2522
2523 2522    6
   4 2511 2525
2511  568 1214
2524 1213  575
 568 2510 1210
2510  118 1891
1210 1891  262
 575 1211 2526
1211  261 1896
2526 1896  122
 118 2509 1890
2509  567 1217
1890 1217  259
 567 2508 1215
2508   18 2245
1215 2245  437
 259 1216 1892
1216  437 2247
1892 2247   57
 122 1895 2527
1895  260 1221
2527 1221  577
 260 1893 1218
1893   56 2252
1218 2252  441
 576 1219 2528
1219  442 2255
2528 2255   22
  18 2504 2244
2504  565 1224
2244 1224  436
 565 2503 1222
2502  116 1899
1222 1898  265
 436 1223 2246
1223  265 1905
2246 1905   53
 116 2500 1897
2500  563 1227
1897 1227  263
 563 2498 1225
2498    2 2529
1225 2529  578
 263 1226 1900
1226  578 2530
1900 2530  123
  52 1903 2248
1903  264 1230
2248 1230  438
 264 1901 1228
1902  123 2531
1228 2532  579
 438 1229 2249
1229  579 2533
2249 2533   21
  22 2254 2534
2254  440 1234
2534 1234  581
 440 2253 1231
2253   55 1908
1231 1908  268
 580 1232 2536
1232  269 1912
2535 1913  125
  54 2251 1906
2251  439 1237
1906 1237  266
 439 2250 1235
2250   21 2537
1235 2537  582
 266 1236 1909
1236  582 2538
1909 2538  124
 125 1911 2539
1911  267 1240
2539 1240  584
 267 1910 1238
1910  124 2540
1238 2540  583
 584 1239 2542
1239  583 2541
2542 2541    8
   5 2543 2544
2543  585 1243
2544 1243  586
 585 2545 1241
2545  126 1915
1241 1915  272
 586 1242 2546
1242  272 1919
2546 1919  127
 126 2547 1914
2547  587 1246
1914 1246  270
 587 2548 1244
2548   23 2257
1244 2257  444
 270 1245 1916
1245  444 2259
1916 2259   60
 127 1918 2549
1918  271 1249
2549 1249  588
 271 1917 1247
1917   60 2264
1247 2264  448
 588 1248 2550
1248  448 2267
2550 2267   25
  23 2551 2256
2551  589 1252
2256 1252  443
 589 2552 1250
2552  128 1921
1250 1921  275
 443 1251 2258
1251  275 1925
2258 1925   58
 128 2553 1920
2553  590 1255
1920 1255  273
 590 2554 1253
2554    6 2555
1253 2555  591
 273 1254 1922
1254  591 2556
1922 2556  129
  58 1924 2260
1924  274 1258
2260 1258  445
 274 1923 1256
1923  129 2557
1256 2557  592
 445 1257 2261
1257  592 2558
2261 2558   24
  25 2266 2559
2266  447 1261
2559 1261  593
 447 2265 1259
2265   59 1927
1259 1927  278
 593 1260 2560
1260  278 1931
2560 1931  131
  59 2263 1926
2263  446 1264
1926 1264  276
 446 2262 1262
2262   24 2561
1262 2561  594
 276 1263 1928
1263  594 2562
1928 2562  130
 131 1930 2563
1930  277 1267
2563 1267  596
 277 1929 1265
1929  130 2564
1265 2564  595
 596 1266 2566
1266  595 2565
2566 2565   11
   6 2554 2567
2554  590 1270
2567 1270  597
 590 2553 1268
2553  128 1933
1268 1933  281
 597 1269 2568
1269  281 1937
2568 1937  132
 128 2552 1932
2552  589 1273
1932 1273  279
 589 2551 1271
2551   23 2269
1271 2269  450
 279 1272 1934
1272  450 2271
1934 2271   63
 132 1936 2569
1936  280 1276
2569 1276  598
 280 1935 1274
1935   63 2276
1274 2276  454
 598 1275 2570
1275  454 2279
2570 2279   27
  23 2548 2268
2548  587 1279
2268 1279  449
 587 2547 1277
2547  126 1939
1277 1939  284
 449 1278 2270
1278  284 1943
2270 1943   61
 126 2545 1938
2545  585 1282
1938 1282  282
 585 2543 1280
2543    5 2571
1280 2571  599
 282 1281 1940
1281  599 2572
1940 2572  133
  61 1942 2272
1942  283 1285
2272 1285  451
 283 1941 1283
1941  133 2573
1283 2573  600
 451 1284 2273
1284  600 2574
2273 2574   26
  27 2278 2575
2278  453 1288
2575 1288  601
 453 2277 1286
2277   62 1945
1286 1945  287
 601 1287 2577
1287  287 1950
2576 1951  135
  62 2275 1944
2275  452 1291
1944 1291  285
 452 2274 1289
2274   26 2578
1289 2578  602
 285 1290 1946
1290  602 2580
1947 2579  134
 135 1949 2581
1949  286 1294
2581 1294  604
 286 1948 1292
1948  134 2582
1292 2582  603
 604 1293 2584
1293  603 2583
2584 2583    9
   7 2585 2586
2585  605 1297
2586 1297  606
 605 2587 1295
2587  136 1953
1295 1953  290
 606 1296 2588
1296  290 1957
2588 1957  137
 136 2589 1952
2589  607 1300
1952 1300  288
 607 2590 1298
2590   28 2281
1298 2281  456
 288 1299 1954
1299  456 2283
1954 2283   66
 137 1956 2591
1956  289 1303
2591 1303  608
 289 1955 1301
1955   66 2288
1301 2288  460
 608 1302 2592
1302  460 2291
2592 2291   30
  28 2593 2280
2593  609 1306
2280 1306  455
 609 2594 1304
2594  138 1959
1304 1959  293
 455 1305 2282
1305  293 1963
2282 1963   64
 138 2595 1958
2595  610 1309
1958 1309  291
 610 2596 1307
2596    8 2597
1307 2597  611
 291 1308 1960
1308  611 2598
1960 2598  139
  64 1962 2284
1962  292 1312
2284 1312  457
 292 1961 1310
1961  139 2599
1310 2599  612
 457 1311 2285
1311  612 2600
2285 2600   29
  30 2290 2601
2290  459 1315
2601 1315  613
 459 2289 1313
2289   65 1965
1313 1965  296
 613 1314 2603
1314  296 1970
2602 1971  141
  65 2287 1964
2287  458 1318
1964 1318  294
 458 2286 1316
2286   29 2604
1316 2604  614
 294 1317 1966
1317  614 2606
1967 2605  140
 141 1969 2607
1969  295 1321
2607 1321  616
 295 1968 1319
1968  140 2608
1319 2608  615
 616 1320 2610
1320  615 2609
2610 2609   10
   8 2596 2611
2596  610 1324
2611 1324  617
 610 2595 1322
2595  138 1973
1322 1973  299
 617 1323 2612
1323  299 1977
2612 1977  142
 138 2594 1972
2594  609 1327
1972 1327  297
 609 2593 1325
2593   28 2293
1325 2293  462
 297 1326 1974
1326  462 2295
1974 2295   69
 142 1976 2613
1976  298 1330
2613 1330  618
 298 1975 1328
1975   69 2300
1328 2300  466
 618 1329 2614
1329  466 2303
2614 2303   32
  28 2590 2292
2590  607 1333
2292 1333  461
 607 2589 1331
2589  136 1979
1331 1979  302
 461 1332 2294
1332  302 1983
2294 1983   67
 136 2587 1978
2587  605 1336
1978 1336  300
 605 2585 1334
2585    7 2615
1334 2615  619
 300 1335 1980
1335  619 2616
1980 2616  143
  67 1982 2296
1982  301 1339
2296 1339  463
 301 1981 1337
1981  143 2617
1337 2617  620
 463 1338 2297
1338  620 2618
2297 2618   31
  32 2302 2619
2302  465 1342
2619 1342  621
 465 2301 1340
2301   68 1985
1340 1985  305
 621 1341 2621
1341  305 1990
2620 1991  145
  68 2299 1984
2299  464 1345
1984 1345  303
 464 2298 1343
2298   31 2622
1343 2622  622
 303 1344 1986
1344  622 2624
1987 2623  144
 145 1989 2625
1989  304 1348
2625 1348  624
 304 1988 1346
1988  144 2626
1346 2626  623
 624 1347 2628
1347  623 2627
2628 2627   12
   9 2629 2630
2629  625 1351
2630 1351  626
 625 2631 1349
2631  146 1993
1349 1993  308
 626 1350 2632
1350  308 1997
2632 1997  147
 146 2633 1992
2633  627 1354
1992 1354  306
 627 2634 1352
2634   33 2305
1352 2305  468
 306 1353 1994
1353  468 2307
1994 2307   72
 147 1996 2635
1996  307 1357
2635 1357  628
 307 1995 1355
1995   72 2312
1355 2312  472
 628 1356 2636
1356  472 2315
2636 2315   35
  33 2637 2304
2637  629 1360
2304 1360  467
 629 2638 1358
2638  148 1999
1358 1999  311
 467 1359 2306
1359  311 2003
2306 2003   70
 148 2639 1998
2639  630 1363
1998 1363  309
 630 2640 1361
2640   10 2641
1361 2641  631
 309 1362 2000
1362  631 2642
2000 2642  149
  70 2002 2308
2002  310 1366
2308 1366  469
 310 2001 1364
2001  149 2643
1364 2643  632
 469 1365 2309
1365  632 2644
2309 2644   34
  35 2314 2645
2314  471 1369
2645 1369  633
 471 2313 1367
2313   71 2005
1367 2005  314
 633 1368 2646
1368  314 2009
2646 2009  151
  71 2311 2004
2311  470 1372
2004 1372  312
 470 2310 1370
2310   34 2647
1370 2647  634
 312 1371 2006
1371  634 2648
2006 2648  150
 151 2008 2649
2008  313 1375
2649 1375  636
 313 2007 1373
2007  150 2650
1373 2650  635
 636 1374 2652
1374  635 2651
2652 2651    2
  10 2640 2653
2640  630 1378
2653 1378  637
 630 2639 1376
2639  148 2011
1376 2011  317
 637 1377 2654
1377  317 2015
2654 2015  152
 148 2638 2010
2638  629 1381
2010 1381  315
 629 2637 1379
2637   33 2317
1379 2317  474
 315 1380 2012
1380  474 2319
2012 2319   75
 152 2014 2655
2014  316 1384
2655 1384  638
 316 2013 1382
2013   75 2324
1382 2324  478
 638 1383 2656
1383  478 2327
2656 2327   37
  33 2634 2316
2634  627 1387
2316 1387  473
 627 2633 1385
2633  146 2017
1385 2017  320
 473 1386 2318
1386  320 2021
2318 2021   73
 146 2631 2016
2631  625 1390
2016 1390  318
 625 2629 1388
2629    9 2657
1388 2657  639
 318 1389 2018
1389  639 2658
2018 2658  153
  73 2020 2320
2020  319 1393
2320 1393  475
 319 2019 1391
2019  153 2659
1391 2659  640
 475 1392 2321
1392  640 2660
2321 2660   36
  37 2326 2661
2326  477 1396
2661 1396  641
 477 2325 1394
2325   74 2023
1394 2023  323
 641 1395 2662
1395  323 2027
2662 2027  155
  74 2323 2022
2323  476 1399
2022 1399  321
 476 2322 1397
2322   36 2663
1397 2663  642
 321 1398 2024
1398  642 2664
2024 2664  154
 155 2026 2665
2026  322 1402
2665 1402  644
 322 2025 1400
2025  154 2666
1400 2666  643
 644 1401 2668
1401  643 2667
2668 2667    0
  11 2669 2670
2669  645 1405
2670 1405  646
 645 2671 1403
2671  156 2029
1403 2029  328
 646 1404 2672
1404  328 2033
2672 2033  157
 156 2673 2028
2673  647 1408
2028 1408  325
 648 2674 1406
2674   38 2329
1406 2329  480
 324 1407 2030
1407  480 2331
2030 2331   78
 157 2032 2675
2032  327 1412
2675 1412  649
 326 2031 1410
2031   78 2336
1410 2336  484
 650 1411 2676
1411  484 2339
2676 2339   40
  38 2677 2328
2677  651 1416
2328 1416  479
 651 2678 1414
2678  158 2035
1414 2035  331
 479 1415 2330
1415  331 2039
2330 2039   76
 158 2679 2034
2679  652 1419
2034 1419  329
 652 2680 1417
2680   12 2681
1417 2681  653
 329 1418 2036
1418  653 2682
2036 2682  159
  76 2038 2332
2038  330 1422
2332 1422  481
 330 2037 1420
2037  159 2683
1420 2683  654
 481 1421 2333
1421  654 2684
2333 2684   39
  40 2338 2685
2338  483 1425
2685 1425  655
 483 2337 1423
2337   77 2041
1423 2041  334
 655 1424 2686
1424  334 2045
2686 2045  161
  77 2335 2040
2335  482 1428
2040 1428  332
 482 2334 1426
2334   39 2687
1426 2687  656
 332 1427 2042
1427  656 2688
2042 2688  160
 161 2044 2689
2044  333 1431
2689 1431  658
 333 2043 1429
2043  160 2690
1429 2690  657
 658 1430 2692
1430  657 2691
2692 2691    1
  12 2680 2693
2680  652 1434
2693 1434  659
 652 2679 1432
2679  158 2047
1432 2047  337
 659 1433 2694
1433  337 2051
2694 2051  162
 158 2678 2046
2678  651 1437
2046 1437  335
 651 2677 1435
2677   38 2341
1435 2341  487
 335 1436 2048
1436  487 2343
2048 2343   81
 162 2050 2695
2050  336 1440
2695 1440  660
 336 2049 1438
2049   81 2348
1438 2348  492
 660 1439 2696
1439  492 2351
2696 2351   42
  38 2674 2340
2674  648 1443
2340 1443  486
 647 2673 1441
2673  156 2053
1441 2053  340
 485 1442 2342
1442  340 2057
2342 2057   79
 156 2671 2052
2671  645 1447
2052 1447  338
 645 2669 1445
2669   11 2697
1445 2697  661
 338 1446 2054
1446  661 2698
2054 2698  163
  79 2056 2344
2056  339 1450
2344 1450  488
 339 2055 1448
2055  163 2699
1448 2699  662
 488 1449 2345
1449  662 2700
2345 2700   41
  42 2350 2701
2350  491 1453
2701 1453  663
 490 2349 1451
2349   80 2059
1451 2059  343
 664 1452 2702
1452  343 2063
2702 2063  166
  80 2347 2058
2347  489 1457
2058 1457  341
 489 2346 1455
2346   41 2703
1455 2703  665
 341 1456 2060
1456  665 2705
2060 2705  165
 166 2062 2706
2062  342 1460
2706 1460  668
 342 2061 1458
2061  165 2708
1458 2708  667
 668 1459 2711
1459  667 2710
2711 2710    3
   0 2667 2470
2667  643 1463
2470 1463  549
 643 2666 1461
2666  154 2065
1461 2065  346
 549 1462 2471
1462  346 2069
2471 2069  109
 154 2664 2064
2664  642 1466
2064 1466  344
 642 2663 1464
2663   36 2353
1464 2353  494
 344 1465 2066
1465  494 2355
2066 2355   84
 109 2068 2472
2068  345 1469
2472 1469  550
 345 2067 1467
2067   84 2361
1467 2361  498
 550 1468 2473
1468  498 2364
2473 2364   14
  36 2660 2352
2660  640 1472
2352 1472  493
 640 2659 1470
2659  153 2071
1470 2071  349
 493 1471 2354
1471  349 2075
2354 2075   82
 153 2658 2070
2658  639 1475
2070 1475  347
 639 2657 1473
2657    9 2583
1473 2583  603
 347 1474 2072
1474  603 2582
2072 2582  134
  82 2074 2356
2074  348 1479
2357 1480  495
 348 2073 1476
2073  134 2579
1477 2580  602
 495 1478 2358
1478  602 2578
2358 2578   26
  14 2363 2476
2363  497 1483
2476 1483  552
 497 2362 1481
2362   83 2077
1481 2077  352
 552 1482 2477
1482  352 2081
2477 2081  110
  83 2360 2076
2360  496 1486
2076 1486  350
 496 2359 1484
2359   26 2574
1484 2574  600
 350 1485 2078
1485  600 2573
2078 2573  133
 110 2080 2479
2080  351 1489
2479 1489  553
 351 2079 1487
2079  133 2572
1487 2572  599
 553 1488 2480
1488  599 2571
2480 2571    5
   0 2482 2668
2482  555 1492
2668 1492  644
 555 2483 1490
2483  112 2083
1490 2083  355
 644 1491 2665
1491  355 2087
2665 2087  155
 112 2484 2082
2484  556 1495
2082 1495  353
 556 2485 1493
2485   17 2366
1493 2366  500
 353 1494 2084
1494  500 2368
2084 2368   87
 155 2086 2662
2086  354 1498
2662 1498  641
 354 2085 1496
2085   87 2374
1496 2374  504
 641 1497 2661
1497  504 2377
2661 2377   37
  17 2490 2365
2490  559 1501
2365 1501  499
 559 2491 1499
2491  115 2089
1499 2089  358
 499 1500 2367
1500  358 2093
2367 2093   85
 115 2494 2088
2494  562 1504
2088 1504  356
 562 2497 1502
2497    7 2586
1502 2586  606
 356 1503 2090
1503  606 2588
2090 2588  137
  85 2092 2369
2092  357 1507
2369 1507  501
 357 2091 1505
2091  137 2591
1505 2591  608
 501 1506 2370
1506  608 2592
2370 2592   30
  37 2376 2656
2376  503 1510
2656 1510  638
 503 2375 1508
2375   86 2095
1508 2095  361
 638 1509 2655
1509  361 2099
2655 2099  152
  86 2372 2094
2373  502 1515
2094 1514  359
 502 2371 1511
2371   30 2601
1511 2601  613
 359 1512 2096
1513  613 2603
2096 2602  141
 152 2098 2654
2098  360 1518
2654 1518  637
 360 2097 1516
2097  141 2607
1516 2607  616
 637 1517 2653
1517  616 2610
2653 2610   10
   1 2459 2692
2459  544 1521
2692 1521  658
 544 2461 1519
2461  107 2101
1519 2101  364
 658 1520 2689
1520  364 2105
2689 2105  161
 107 2464 2100
2464  546 1524
2100 1524  362
 546 2465 1522
2465   15 2379
1522 2379  506
 362 1523 2102
1523  506 2381
2102 2381   90
 161 2104 2686
2104  363 1527
2686 1527  655
 363 2103 1525
2103   90 2386
1525 2386  511
 655 1526 2685
1526  511 2389
2685 2389   40
  15 2474 2378
2474  551 1530
2378 1530  505
 551 2475 1528
2475  111 2107
1528 2107  367
 505 1529 2380
1529  367 2111
2380 2111   88
 111 2478 2106
2478  554 1533
2106 1533  365
 554 2481 1531
2481    5 2544
1531 2544  586
 365 1532 2108
1532  586 2546
2108 2546  127
  88 2110 2382
2110  366 1536
2382 1536  507
 366 2109 1534
2109  127 2549
1534 2549  588
 507 1535 2383
1535  588 2550
2383 2550   25
  40 2388 2676
2388  510 1539
2676 1539  650
 509 2387 1537
2387   89 2113
1537 2113  370
 649 1538 2675
1538  370 2117
2675 2117  157
  89 2385 2112
2385  508 1543
2112 1543  368
 508 2384 1541
2384   25 2559
1541 2559  593
 368 1542 2114
1542  593 2560
2114 2560  131
 157 2116 2672
2116  369 1546
2672 1546  646
 369 2115 1544
2115  131 2563
1544 2563  596
 646 1545 2670
1545  596 2566
2670 2566   11
   1 2691 2486
2691  657 1549
2486 1549  557
 657 2690 1547
2690  160 2119
1547 2119  373
 557 1548 2487
1548  373 2123
2487 2123  113
 160 2688 2118
2688  656 1552
2118 1552  371
 656 2687 1550
2687   39 2391
1550 2391  513
 371 1551 2120
1551  513 2393
2120 2393   93
 113 2122 2488
2122  372 1555
2488 1555  558
 372 2121 1553
2121   93 2399
1553 2399  517
 558 1554 2489
1554  517 2402
2489 2402   16
  39 2684 2390
2684  654 1558
2390 1558  512
 654 2683 1556
2683  159 2125
1556 2125  376
 512 1557 2392
1557  376 2129
2392 2129   91
 159 2682 2124
2682  653 1561
2124 1561  374
 653 2681 1559
2681   12 2627
1559 2627  623
 374 1560 2126
1560  623 2626
2126 2626  144
  91 2128 2394
2128  375 1565
2395 1566  514
 375 2127 1562
2127  144 2623
1563 2624  622
 514 1564 2396
1564  622 2622
2396 2622   31
  16 2401 2492
2401  516 1569
2492 1569  560
 516 2400 1567
2400   92 2131
1567 2131  379
 560 1568 2493
1568  379 2135
2493 2135  114
  92 2398 2130
2398  515 1572
2130 1572  377
 515 2397 1570
2397   31 2618
1570 2618  620
 377 1571 2132
1571  620 2617
2132 2617  143
 114 2134 2495
2134  378 1575
2495 1575  561
 378 2133 1573
2133  143 2616
1573 2616  619
 561 1574 2496
1574  619 2615
2496 2615    7
   2 2499 2652
2499  564 1578
2652 1578  636
 564 2501 1576
2501  117 2137
1576 2137  382
 636 1577 2649
1577  382 2141
2649 2141  151
 117 2505 2136
2506  566 1583
2136 1582  380
 566 2507 1579
2507   20 2404
1579 2404  519
 380 1580 2138
1581  519 2407
2138 2406   96
 151 2140 2646
2140  381 1586
2646 1586  633
 381 2139 1584
2139   96 2413
1584 2413  523
 633 1585 2645
1585  523 2416
2645 2416   35
  20 2516 2403
2516  571 1589
2403 1589  518
 571 2517 1587
2517  121 2143
1587 2143  385
 518 1588 2405
1588  385 2147
2405 2147   94
 121 2520 2142
2520  574 1592
2142 1592  383
 574 2523 1590
2523    6 2567
1590 2567  597
 383 1591 2144
1591  597 2568
2144 2568  132
  94 2146 2408
2146  384 1595
2408 1595  520
 384 2145 1593
2145  132 2569
1593 2569  598
 520 1594 2409
1594  598 2570
2409 2570   27
  35 2415 2636
2415  522 1598
2636 1598  628
 522 2414 1596
2414   95 2149
1596 2149  388
 628 1597 2635
1597  388 2153
2635 2153  147
  95 2411 2148
2412  521 1603
2148 1602  386
 521 2410 1599
2410   27 2575
1599 2575  601
 386 1600 2150
1601  601 2577
2150 2576  135
 147 2152 2632
2152  387 1606
2632 1606  626
 387 2151 1604
2151  135 2581
1604 2581  604
 626 1605 2630
1605  604 2584
2630 2584    9
   2 2651 2529
2651  635 1609
2529 1609  578
 635 2650 1607
2650  150 2155
1607 2155  391
 578 1608 2530
1608  391 2159
2530 2159  123
 150 2648 2154
2648  634 1612
2154 1612  389
 634 2647 1610
2647   34 2418
1610 2418  525
 389 1611 2156
1611  525 2420
2156 2420   99
 123 2158 2531
2158  390 1616
2532 1617  579
 390 2157 1613
2157   99 2426
1614 2427  529
 579 1615 2533
1615  529 2430
2533 2430   21
  34 2644 2417
2644  632 1620
2417 1620  524
 632 2643 1618
2643  149 2161
1618 2161  394
 524 1619 2419
1619  394 2165
2419 2165   97
 149 2642 2160
2642  631 1623
2160 1623  392
 631 2641 1621
2641   10 2609
1621 2609  615
 392 1622 2162
1622  615 2608
2162 2608  140
  97 2164 2421
2164  393 1627
2422 1628  526
 393 2163 1624
2163  140 2605
1625 2606  614
 526 1626 2423
1626  614 2604
2423 2604   29
  21 2429 2537
2429  528 1631
2537 1631  582
 528 2428 1629
2428   98 2167
1629 2167  397
 582 1630 2538
1630  397 2171
2538 2171  124
  98 2425 2166
2425  527 1634
2166 1634  395
 527 2424 1632
2424   29 2600
1632 2600  612
 395 1633 2168
1633  612 2599
2168 2599  139
 124 2170 2540
2170  396 1637
2540 1637  583
 396 2169 1635
2169  139 2598
1635 2598  611
 583 1636 2541
1636  611 2597
2541 2597    8
   4 2709 2512
2709  666 1640
2512 1640  569
 666 2707 1638
2707  164 2173
1638 2173  400
 569 1639 2513
1639  400 2177
2513 2177  119
 164 2704 2172
2705  665 1645
2172 1644  398
 665 2703 1641
2703   41 2432
1641 2432  531
 398 1642 2174
1643  531 2435
2174 2434  102
 119 2176 2514
2176  399 1648
2514 1648  570
 399 2175 1646
2175  102 2440
1646 2440  535
 570 1647 2515
1647  535 2443
2515 2443   19
  41 2700 2431
2700  662 1651
2431 1651  530
 662 2699 1649
2699  163 2179
1649 2179  403
 530 1650 2433
1650  403 2183
2433 2183  100
 163 2698 2178
2698  661 1654
2178 1654  401
 661 2697 1652
2697   11 2565
1652 2565  595
 401 1653 2180
1653  595 2564
2180 2564  130
 100 2182 2436
2182  402 1657
2436 1657  532
 402 2181 1655
2181  130 2562
1655 2562  594
 532 1656 2437
1656  594 2561
2437 2561   24
  19 2442 2518
2442  534 1660
2518 1660  572
 534 2441 1658
2441  101 2185
1658 2185  406
 572 1659 2519
1659  406 2189
2519 2189  120
 101 2439 2184
2439  533 1663
2184 1663  404
 533 2438 1661
2438   24 2558
1661 2558  592
 404 1662 2186
1662  592 2557
2186 2557  129
 120 2188 2521
2188  405 1666
2521 1666  573
 405 2187 1664
2187  129 2556
1664 2556  591
 573 1665 2522
1665  591 2555
2522 2555    6
   3 2524 2711
2524  575 1669
2711 1669  668
 575 2526 1667
2526  122 2191
1667 2191  411
 668 1668 2706
1668  411 2195
2706 2195  166
 122 2527 2190
2527  577 1672
2190 1672  408
 576 2528 1670
2528   22 2445
1670 2445  538
 407 1671 2192
1671  538 2448
2192 2448  105
 166 2194 2702
2194  410 1676
2702 1676  664
 409 2193 1674
2193  105 2454
1674 2454  542
 663 1675 2701
1675  542 2457
2701 2457   42
  22 2534 2444
2534  581 1682
2444 1682  537
 580 2536 1679
2535  125 2197
1678 2197  414
 536 1681 2447
1680  414 2201
2446 2201  103
 125 2539 2196
2539  584 1686
2196 1686  412
 584 2542 1684
2542    8 2611
1684 2611  617
 412 1685 2198
1685  617 2612
2198 2612  142
 103 2200 2449
2200  413 1689
2449 1689  539
 413 2199 1687
2199  142 2613
1687 2613  618
 539 1688 2450
1688  618 2614
2450 2614   32
  42 2456 2696
2456  541 1692
2696 1692  660
 541 2455 1690
2455  104 2203
1690 2203  417
 660 1691 2695
1691  417 2207
2695 2207  162
 104 2452 2202
2453  540 1697
2202 1696  415
 540 2451 1693
2451   32 2619
1693 2619  621
 415 1694 2204
1695  621 2621
2204 2620  145
 162 2206 2694
2206  416 1700
2694 1700  659
 416 2205 1698
2205  145 2625
1698 2625  624
 659 1699 2693
1699  624 2628
2693 2628   12
